0 0.408416 0.340202 0.027818 0.037922
0 0.938175 0.456234 0.023906 0.050938
0 0.495099 0.187207 0.017804 0.029888
0 0.881969 0.328595 0.012833 0.033162
0 0.025497 0.574300 0.020285 0.085179
0 0.148257 0.334344 0.018130 0.034106
0 0.015222 0.678078 0.017959 0.043391
0 0.328926 0.319137 0.019448 0.043941
0 0.457298 0.209277 0.014814 0.029298
0 0.443908 0.204662 0.012431 0.027133
0 0.470186 0.140267 0.008642 0.021299
0 0.321062 0.316550 0.011051 0.038737
0 0.983555 0.480464 0.011967 0.028761
0 0.009566 0.766662 0.018971 0.089035
0 0.718081 0.160081 0.007912 0.027056
0 0.098694 0.327979 0.016417 0.024908
0 0.831142 0.286170 0.013141 0.031642
0 0.256860 0.284314 0.018111 0.033051
0 0.011842 0.677911 0.020356 0.042491
0 0.254762 0.287128 0.028514 0.050806
0 0.145959 0.336482 0.025856 0.037962
0 0.845771 0.289153 0.009250 0.033367
