0 0.882448 0.336562 0.028571 0.111880
0 0.489833 0.372361 0.028424 0.123919
0 0.404375 0.360002 0.024700 0.124512
0 0.823358 0.439138 0.042027 0.097833
0 0.221991 0.253977 0.028466 0.094938
0 0.825982 0.341344 0.021972 0.104477
0 0.728254 0.408646 0.029205 0.137094
0 0.072660 0.442214 0.029799 0.084440
0 0.952118 0.302779 0.026997 0.084909
0 0.587196 0.319505 0.024821 0.113366
0 0.568961 0.156779 0.020237 0.098738
0 0.618163 0.289784 0.024624 0.140061
0 0.068841 0.253238 0.021841 0.074007
0 0.114393 0.431804 0.028309 0.103813
0 0.189671 0.251706 0.021303 0.088893
0 0.248053 0.252093 0.023334 0.099021
0 0.755826 0.285386 0.029478 0.116927
0 0.156803 0.442910 0.025778 0.093626
0 0.322429 0.376451 0.029031 0.073222
0 0.351842 0.199281 0.020305 0.116780
0 0.683500 0.408826 0.025403 0.129742
0 0.110796 0.262941 0.022235 0.083453
0 0.923940 0.488473 0.027219 0.086010
0 0.389967 0.209645 0.020703 0.091725
0 0.129781 0.251461 0.023130 0.068996
0 0.285787 0.364422 0.020310 0.054538
0 0.701704 0.305925 0.023687 0.094798
0 0.688816 0.440051 0.031713 0.106940
0 0.686744 0.108905 0.013438 0.078146
0 0.765265 0.206000 0.022029 0.071175
0 0.896322 0.478126 0.022788 0.069619
0 0.286435 0.378208 0.021907 0.083168
0 0.685733 0.417307 0.032121 0.146556
0 0.875446 0.584992 0.054331 0.274012
0 0.790510 0.116372 0.019134 0.100767
0 0.525705 0.212873 0.019694 0.098437
0 0.429472 0.220790 0.022573 0.084499
