0 0.749848 0.474012 0.024656 0.094046
0 0.426976 0.670564 0.056322 0.116105
0 0.529142 0.570311 0.037432 0.090872
0 0.480782 0.480276 0.026062 0.090580
0 0.222241 0.732486 0.027773 0.079703
0 0.391304 0.447423 0.024690 0.104918
0 0.125736 0.337483 0.014442 0.049840
0 0.033708 0.292372 0.022936 0.091134
0 0.859617 0.342001 0.011786 0.051071
0 0.882694 0.339242 0.013130 0.063367
0 0.031850 0.283385 0.019228 0.071909
0 0.454808 0.538319 0.028283 0.064986
0 0.873775 0.397534 0.019478 0.054957
0 0.813857 0.336890 0.014909 0.070325
0 0.484697 0.392517 0.014041 0.064068
0 0.938201 0.376104 0.014013 0.059577
0 0.082526 0.283783 0.016075 0.047693
0 0.513494 0.412422 0.013417 0.052051
0 0.956283 0.348533 0.014008 0.056549
0 0.622913 0.405686 0.017378 0.085345
0 0.898018 0.340457 0.014949 0.058557
0 0.660174 0.375737 0.011061 0.048786
0 0.063721 0.284133 0.019756 0.045856
0 0.509455 0.339510 0.011203 0.053794
0 0.353580 0.386807 0.009140 0.044700
