0 0.292175 0.425306 0.030250 0.070960
0 0.012514 0.631962 0.025027 0.105748
0 0.555348 0.198134 0.008003 0.024619
0 0.580331 0.308998 0.012961 0.038298
0 0.465918 0.315850 0.016617 0.048565
0 0.227426 0.404544 0.018216 0.071927
0 0.949778 0.474774 0.034702 0.076111
0 0.356305 0.254816 0.011195 0.030121
0 0.874227 0.463740 0.025939 0.093941
0 0.633938 0.467774 0.035310 0.085516
0 0.872513 0.472106 0.030244 0.115679
0 0.223560 0.402298 0.025217 0.068018
0 0.638139 0.448995 0.027252 0.045002
0 0.464073 0.316989 0.022781 0.051179
0 0.875545 0.451483 0.025351 0.071770
