0 0.348323 0.822806 0.019456 0.075771
0 0.610200 0.800760 0.019803 0.087065
0 0.247696 0.453299 0.017235 0.055061
0 0.668403 0.378080 0.012679 0.062357
0 0.396093 0.766644 0.017528 0.059744
0 0.458925 0.562654 0.020085 0.079669
0 0.608040 0.621047 0.016162 0.054245
0 0.347005 0.544119 0.014372 0.050800
0 0.559247 0.580966 0.015657 0.057839
0 0.502752 0.699519 0.014839 0.064796
0 0.477969 0.674244 0.017813 0.084018
0 0.326543 0.530537 0.017220 0.065136
0 0.444209 0.521678 0.011923 0.061411
0 0.283828 0.443950 0.017356 0.061353
0 0.091734 0.244982 0.015648 0.031491
0 0.243774 0.261715 0.015447 0.050235
0 0.490215 0.724019 0.017047 0.070969
0 0.412617 0.752562 0.014130 0.052263
0 0.263049 0.259222 0.013600 0.044990
0 0.528171 0.601563 0.013942 0.038555
0 0.507856 0.615250 0.019094 0.054146
0 0.582352 0.618398 0.021316 0.064112
0 0.913949 0.485023 0.022480 0.052876
0 0.864210 0.443841 0.023060 0.070902
0 0.326254 0.535891 0.022810 0.067405
0 0.666743 0.382760 0.015410 0.060124
0 0.508956 0.555784 0.018697 0.059525
0 0.945827 0.483326 0.031935 0.076513
0 0.484091 0.536464 0.016924 0.069363
0 0.573852 0.530120 0.013791 0.067232
0 0.484146 0.509689 0.017602 0.078935
0 0.532992 0.502708 0.009543 0.044507
