0 0.886160 0.312926 0.028601 0.104894
0 0.400770 0.336488 0.023096 0.126650
0 0.065704 0.421582 0.027393 0.081454
0 0.488094 0.335016 0.026740 0.112482
0 0.106169 0.413423 0.029761 0.091810
0 0.589408 0.296662 0.025637 0.106015
0 0.015764 0.510459 0.031528 0.152486
0 0.281801 0.343256 0.019834 0.059873
0 0.182100 0.239916 0.024157 0.092792
0 0.706501 0.288923 0.029320 0.098721
0 0.688039 0.368790 0.026902 0.117017
0 0.061416 0.249242 0.023122 0.089705
0 0.759995 0.267711 0.027260 0.122603
0 0.619499 0.258926 0.025213 0.112349
0 0.772531 0.193447 0.020978 0.088158
0 0.840898 0.328808 0.027269 0.092641
0 0.704088 0.406903 0.027940 0.114763
0 0.931495 0.458087 0.026927 0.091608
0 0.238080 0.242781 0.021753 0.093944
0 0.539059 0.204551 0.022357 0.112729
0 0.729605 0.372914 0.024850 0.121541
0 0.852527 0.163796 0.023195 0.088328
0 0.217368 0.234407 0.021084 0.100088
0 0.153631 0.423503 0.029395 0.083439
0 0.107807 0.244094 0.022749 0.084281
0 0.323478 0.351214 0.025024 0.076034
0 0.564073 0.141034 0.022857 0.095423
0 0.125549 0.232191 0.018860 0.067193
0 0.086742 0.365077 0.021090 0.053663
0 0.007539 0.391256 0.014992 0.111209
0 0.111637 0.417087 0.021309 0.083799
0 0.383560 0.191323 0.021363 0.097721
