0 0.748250 0.469857 0.023593 0.087379
0 0.524366 0.582079 0.035208 0.093550
0 0.417236 0.672210 0.047406 0.111542
0 0.476612 0.486819 0.025915 0.093466
0 0.230201 0.725292 0.036568 0.076025
0 0.121405 0.336916 0.014176 0.047129
0 0.429433 0.544788 0.058471 0.066392
0 0.037657 0.295017 0.020004 0.090003
0 0.860503 0.340451 0.011358 0.050321
0 0.882907 0.338876 0.013865 0.062857
0 0.811656 0.338125 0.014122 0.066030
0 0.392410 0.450267 0.021534 0.104740
0 0.083528 0.284792 0.015446 0.044375
0 0.030114 0.288521 0.013600 0.075540
0 0.898059 0.340751 0.016450 0.057658
0 0.514376 0.411361 0.015796 0.051486
0 0.486091 0.390641 0.015085 0.064934
0 0.067015 0.288450 0.019835 0.039350
0 0.353936 0.386295 0.009138 0.044813
0 0.619682 0.378948 0.014420 0.066520
0 0.877266 0.397392 0.015393 0.053716
0 0.438555 0.545006 0.040461 0.065035
0 0.796501 0.321484 0.012720 0.053096
0 0.369112 0.387866 0.013487 0.044568
0 0.959344 0.345702 0.015485 0.059771
0 0.937866 0.374805 0.014531 0.066877
0 0.063868 0.284952 0.017049 0.041788
0 0.659848 0.375870 0.012130 0.044336
0 0.622443 0.395591 0.017651 0.097910
0 0.582449 0.357794 0.015759 0.058642
0 0.393074 0.342233 0.008776 0.044277
