0 0.740287 0.938319 0.091042 0.122683
0 0.767306 0.482347 0.031620 0.107946
0 0.741826 0.638788 0.040767 0.127993
0 0.881417 0.961016 0.072253 0.077081
0 0.397897 0.580737 0.027512 0.126084
0 0.185014 0.706023 0.043037 0.132366
0 0.258618 0.742460 0.053357 0.132007
0 0.589477 0.247479 0.013535 0.046121
0 0.071732 0.656059 0.042267 0.091909
0 0.442232 0.407747 0.020771 0.102479
0 0.921170 0.823301 0.052562 0.109881
0 0.445096 0.762033 0.033556 0.137669
0 0.229346 0.735586 0.038707 0.126374
0 0.335163 0.228208 0.016794 0.054758
0 0.456431 0.373193 0.016300 0.091293
0 0.620787 0.620831 0.022252 0.052855
0 0.908368 0.396419 0.017788 0.072143
0 0.151530 0.697446 0.050223 0.117123
0 0.017757 0.877944 0.035446 0.117368
0 0.331909 0.220314 0.020398 0.071643
0 0.738334 0.252172 0.026020 0.048764
0 0.337446 0.694642 0.042083 0.141085
0 0.322470 0.960156 0.044025 0.077990
0 0.947828 0.818757 0.050159 0.122943
0 0.271202 0.975187 0.033850 0.049626
0 0.660762 0.404486 0.067564 0.100187
0 0.626574 0.191166 0.011255 0.029127
0 0.413466 0.971683 0.060643 0.055854
0 0.458630 0.378296 0.017545 0.106384
0 0.459266 0.405882 0.020251 0.063840
0 0.906504 0.635134 0.016903 0.051933
0 0.878447 0.670744 0.025839 0.073938
0 0.119593 0.672605 0.034469 0.107023
0 0.144028 0.689771 0.063108 0.133024
0 0.224967 0.717786 0.029253 0.087708
0 0.871954 0.296826 0.017945 0.060506
0 0.179089 0.266768 0.013536 0.036015
0 0.146086 0.626589 0.028044 0.060994
0 0.459645 0.415792 0.020733 0.055855
0 0.131631 0.678094 0.057826 0.119336
