0 0.477679 0.511013 0.016557 0.046606
0 0.547554 0.515233 0.025142 0.050916
0 0.630500 0.463498 0.015602 0.045096
0 0.424023 0.429853 0.022750 0.046355
0 0.580853 0.310054 0.011658 0.053308
0 0.619180 0.307992 0.010310 0.043407
0 0.811219 0.312630 0.009513 0.043576
0 0.463315 0.308819 0.009117 0.045276
0 0.938187 0.309704 0.010868 0.038883
0 0.455558 0.424979 0.015471 0.029330
0 0.493129 0.308701 0.010849 0.043531
0 0.446088 0.425623 0.025924 0.032045
0 0.436549 0.304444 0.010870 0.059143
0 0.563026 0.291029 0.008374 0.045139
0 0.327245 0.267650 0.011141 0.047373
0 0.604278 0.305120 0.009407 0.037668
0 0.507638 0.315984 0.010834 0.039336
0 0.755007 0.286609 0.011540 0.042397
