0 0.482376 0.558035 0.037957 0.066477
0 0.698558 0.458920 0.022548 0.059479
0 0.534143 0.516393 0.032914 0.059323
0 0.203569 0.315069 0.008738 0.036056
0 0.414542 0.427039 0.018093 0.056026
0 0.463410 0.318181 0.010165 0.049352
0 0.855774 0.344073 0.013046 0.053661
0 0.945924 0.305998 0.015484 0.053368
0 0.254447 0.265214 0.010430 0.046067
0 0.883978 0.328716 0.012475 0.033407
0 0.145454 0.294630 0.014998 0.056278
0 0.411656 0.518416 0.022527 0.027815
0 0.981214 0.322807 0.016242 0.050341
0 0.781030 0.314267 0.009895 0.048081
0 0.616142 0.371011 0.011269 0.055254
0 0.635628 0.347834 0.010558 0.040235
0 0.452835 0.358260 0.013087 0.057293
0 0.480234 0.352366 0.009889 0.049719
0 0.167804 0.279140 0.011313 0.035631
0 0.763440 0.317269 0.009804 0.056573
0 0.430971 0.446416 0.015782 0.051563
0 0.811699 0.379586 0.012391 0.058116
0 0.518616 0.363919 0.011793 0.052301
0 0.617216 0.363084 0.012106 0.066093
0 0.803295 0.320066 0.008882 0.040971
0 0.405458 0.314779 0.011549 0.046706
0 0.541139 0.326747 0.010147 0.042285
0 0.821852 0.322899 0.009072 0.040234
0 0.788904 0.378050 0.016255 0.049787
0 0.481139 0.338802 0.011667 0.078483
0 0.822865 0.320223 0.012212 0.045107
0 0.415153 0.353777 0.013541 0.037600
0 0.502078 0.354536 0.013355 0.057902
0 0.885346 0.324754 0.014154 0.041010
0 0.410800 0.520278 0.029393 0.029876
0 0.634044 0.349637 0.011306 0.045357
0 0.481902 0.322477 0.011320 0.054372
0 0.604340 0.339554 0.010127 0.051882
0 0.618873 0.336811 0.011315 0.043901
0 0.786008 0.379167 0.021788 0.054712
0 0.504527 0.356577 0.011680 0.055444
