0 0.499610 0.614758 0.016276 0.089979
0 0.977270 0.559599 0.045091 0.096137
0 0.328692 0.655947 0.025858 0.107160
0 0.383112 0.619891 0.017874 0.091069
0 0.352083 0.590864 0.021877 0.084595
0 0.282010 0.637460 0.020786 0.062177
0 0.186946 0.626970 0.028460 0.089436
0 0.147256 0.688998 0.029256 0.082456
0 0.234219 0.542465 0.019780 0.064340
0 0.143965 0.785726 0.036329 0.095883
0 0.202144 0.816542 0.038842 0.102181
0 0.262187 0.636424 0.019831 0.074728
0 0.117797 0.837384 0.049466 0.103847
0 0.722387 0.163892 0.009348 0.035679
0 0.981932 0.548180 0.035308 0.068689
0 0.963387 0.555943 0.072011 0.102101
