0 0.268367 0.675379 0.045871 0.143080
0 0.322940 0.401593 0.016669 0.091348
0 0.576954 0.717833 0.031391 0.110387
0 0.462837 0.666500 0.030676 0.107239
0 0.061969 0.588509 0.032208 0.100237
0 0.198344 0.530159 0.024317 0.106721
0 0.448607 0.380241 0.017180 0.085960
0 0.273193 0.425076 0.020390 0.083735
0 0.668216 0.518807 0.028059 0.114257
0 0.477116 0.374099 0.019153 0.092034
0 0.516511 0.372106 0.021520 0.093468
0 0.655908 0.299839 0.011115 0.050453
0 0.595640 0.370194 0.015574 0.083645
0 0.243827 0.533641 0.037181 0.117395
0 0.371224 0.366746 0.015279 0.070633
0 0.574212 0.416477 0.022223 0.101011
0 0.580959 0.290612 0.011073 0.066526
0 0.131906 0.297508 0.018728 0.058717
0 0.226766 0.539568 0.031017 0.112747
0 0.767689 0.377573 0.017393 0.069270
0 0.030972 0.576641 0.020211 0.044653
0 0.615975 0.259388 0.010462 0.051026
0 0.287215 0.420326 0.016160 0.084756
0 0.369619 0.352410 0.017477 0.096771
0 0.698468 0.424533 0.015358 0.087978
0 0.498424 0.370379 0.015511 0.083713
0 0.339053 0.334558 0.015561 0.086677
0 0.494617 0.313025 0.013761 0.054611
0 0.608533 0.362421 0.011457 0.072305
0 0.433333 0.407640 0.020058 0.081110
0 0.168614 0.463002 0.015844 0.039868
0 0.667223 0.370525 0.010952 0.052878
0 0.396026 0.192493 0.010068 0.050956
0 0.234782 0.278221 0.011454 0.057947
0 0.728312 0.359238 0.017202 0.061445
0 0.752211 0.356476 0.011747 0.064148
0 0.225081 0.529924 0.026320 0.090147
0 0.668429 0.359727 0.009800 0.056292
