0 0.713376 0.476368 0.025250 0.059158
0 0.527625 0.547674 0.027819 0.057105
0 0.204676 0.314675 0.008799 0.035436
0 0.473086 0.580773 0.033766 0.062331
0 0.422570 0.447665 0.021391 0.057405
0 0.477663 0.351262 0.009843 0.046593
0 0.956968 0.321703 0.014551 0.044799
0 0.633871 0.347532 0.009617 0.041255
0 0.828839 0.388889 0.013189 0.056872
0 0.756556 0.375290 0.013115 0.046878
0 0.458381 0.313509 0.013124 0.053822
0 0.872030 0.328871 0.010460 0.042677
0 0.542886 0.324763 0.011461 0.045092
0 0.976424 0.323764 0.013242 0.047585
0 0.646672 0.347089 0.010766 0.051277
0 0.497096 0.341957 0.011536 0.068346
0 0.416223 0.352372 0.012025 0.045358
0 0.447500 0.355157 0.012177 0.048113
0 0.942111 0.308451 0.012991 0.043973
0 0.613408 0.371499 0.010137 0.047587
0 0.404866 0.315306 0.010600 0.048976
0 0.517030 0.361853 0.015718 0.055213
0 0.513889 0.361452 0.017497 0.056294
0 0.255614 0.266522 0.011236 0.042245
0 0.418974 0.315691 0.014461 0.042900
0 0.418520 0.336379 0.015136 0.078736
0 0.819354 0.320317 0.010497 0.044713
0 0.157531 0.292061 0.014716 0.054156
0 0.781740 0.318394 0.010216 0.044103
0 0.160357 0.296896 0.015728 0.051545
