0 0.484096 0.147379 0.015239 0.023863
0 0.356336 0.209853 0.010250 0.030362
0 0.203450 0.254170 0.016556 0.031707
0 0.830230 0.300374 0.014170 0.034595
0 0.117938 0.458418 0.021872 0.076744
0 0.287937 0.206781 0.013730 0.022057
0 0.155098 0.251541 0.012623 0.021144
0 0.317052 0.207536 0.016984 0.025423
0 0.817366 0.249891 0.010472 0.024964
0 0.442663 0.157632 0.010747 0.019222
0 0.135223 0.459208 0.054670 0.074196
0 0.555062 0.141957 0.011456 0.021094
0 0.670715 0.153587 0.007551 0.021500
0 0.485646 0.149463 0.020133 0.025961
