0 0.909392 0.680584 0.038549 0.164613
0 0.918326 0.681995 0.055441 0.165211
0 0.558005 0.623464 0.012685 0.063795
0 0.460233 0.624217 0.017079 0.077659
0 0.526453 0.648874 0.023428 0.112902
0 0.440277 0.619212 0.014553 0.067573
0 0.487222 0.632109 0.015745 0.063844
0 0.512207 0.652127 0.025655 0.114623
0 0.582200 0.629195 0.012864 0.069555
0 0.670706 0.627927 0.015443 0.055047
0 0.596840 0.627990 0.015409 0.061887
0 0.518599 0.650869 0.036632 0.115292
0 0.670493 0.637704 0.017956 0.077469
0 0.463732 0.626193 0.018313 0.075265
0 0.407305 0.613364 0.011623 0.050753
0 0.584638 0.629853 0.014816 0.068564
0 0.109050 0.554718 0.021323 0.071288
