0 0.209497 0.757999 0.029522 0.132762
0 0.181992 0.412307 0.014464 0.061888
0 0.980236 0.409097 0.019672 0.062883
0 0.667445 0.577753 0.022599 0.123323
0 0.608979 0.450934 0.020925 0.096041
0 0.122328 0.335191 0.027055 0.067471
0 0.441221 0.545140 0.029705 0.126355
0 0.329895 0.423057 0.013336 0.062761
0 0.305674 0.407027 0.016961 0.080548
0 0.499633 0.525411 0.019930 0.112229
0 0.726203 0.487010 0.016976 0.065924
0 0.707510 0.452484 0.015983 0.085586
0 0.291410 0.411727 0.014213 0.080677
0 0.657187 0.467285 0.017426 0.090357
0 0.472865 0.525127 0.027007 0.141309
0 0.576072 0.543571 0.028042 0.109505
0 0.769935 0.476219 0.019790 0.082149
0 0.252984 0.282736 0.012640 0.046514
0 0.234785 0.280381 0.012806 0.051111
0 0.553669 0.448760 0.016281 0.080681
0 0.385346 0.476666 0.026250 0.105048
0 0.485537 0.395269 0.011556 0.074409
0 0.498467 0.421091 0.013325 0.076695
0 0.370768 0.482519 0.013594 0.099827
0 0.584221 0.446271 0.015864 0.071346
0 0.567704 0.445822 0.014768 0.055854
0 0.568465 0.454361 0.016789 0.076728
