0 0.185125 0.788337 0.063076 0.163850
0 0.413128 0.606374 0.035404 0.158735
0 0.179883 0.413015 0.012266 0.062210
0 0.980834 0.408624 0.019197 0.062081
0 0.375555 0.525520 0.028895 0.114351
0 0.537154 0.584489 0.039100 0.133075
0 0.663524 0.575162 0.020094 0.097704
0 0.770557 0.454557 0.020908 0.087366
0 0.092535 0.323563 0.013892 0.061740
0 0.347952 0.527330 0.026811 0.108217
0 0.342587 0.528387 0.036383 0.109166
0 0.332464 0.420149 0.012920 0.056439
0 0.109348 0.321282 0.014390 0.057761
0 0.515748 0.559330 0.026350 0.135738
0 0.417705 0.518919 0.015329 0.070187
0 0.549283 0.475261 0.022484 0.087654
0 0.593295 0.438601 0.018295 0.089557
0 0.709691 0.466370 0.019075 0.088034
0 0.304571 0.407064 0.017179 0.079276
0 0.459731 0.510981 0.024336 0.114033
0 0.663706 0.471359 0.020397 0.090340
0 0.724357 0.487795 0.019422 0.067552
0 0.920586 0.407889 0.018417 0.068419
0 0.443044 0.407968 0.014204 0.079911
0 0.898892 0.344561 0.014195 0.057001
0 0.428834 0.418887 0.014166 0.064042
0 0.492841 0.521148 0.019035 0.102623
0 0.479671 0.507683 0.015462 0.106023
0 0.289704 0.412839 0.015159 0.076789
0 0.930672 0.368308 0.011320 0.036320
0 0.622948 0.447106 0.022791 0.090270
0 0.079386 0.274505 0.013117 0.026039
0 0.827677 0.397158 0.017591 0.083253
0 0.847850 0.405695 0.023547 0.109430
0 0.234933 0.280235 0.012503 0.051102
