0 0.704121 0.264989 0.030313 0.127085
0 0.888365 0.296726 0.023620 0.111469
0 0.788942 0.225769 0.035200 0.128409
0 0.956973 0.361173 0.029090 0.091703
0 0.332741 0.287786 0.027409 0.106183
0 0.804240 0.310040 0.048047 0.107314
0 0.910837 0.265661 0.027100 0.096584
0 0.216087 0.160530 0.027333 0.103922
0 0.190265 0.216344 0.028363 0.111948
0 0.610319 0.241205 0.028156 0.132744
0 0.806059 0.161256 0.021248 0.106729
0 0.740636 0.204139 0.029552 0.099906
0 0.631626 0.217975 0.027572 0.150114
0 0.152334 0.194058 0.021983 0.096381
0 0.698167 0.073569 0.016651 0.092093
0 0.830076 0.055785 0.019108 0.083238
0 0.749214 0.303857 0.026999 0.099477
0 0.734068 0.295287 0.030957 0.114617
0 0.262121 0.283429 0.029737 0.114746
0 0.486199 0.296178 0.028887 0.071861
0 0.371878 0.153153 0.021480 0.094251
0 0.339035 0.142826 0.022972 0.100659
0 0.421686 0.319657 0.033839 0.134120
0 0.503763 0.121362 0.027442 0.104698
0 0.806822 0.297919 0.043612 0.084317
0 0.384490 0.240632 0.026573 0.125364
0 0.114456 0.135557 0.023178 0.095369
0 0.920023 0.356981 0.025312 0.087097
