0 0.466636 0.691820 0.037792 0.107620
0 0.517573 0.760559 0.055058 0.145620
0 0.206075 0.046108 0.017369 0.073754
0 0.255808 0.035276 0.013239 0.070085
0 0.196116 0.048821 0.014167 0.073604
0 0.940500 0.070294 0.020677 0.114490
0 0.244735 0.036308 0.011705 0.066858
0 0.220835 0.045458 0.016707 0.064214
0 0.230180 0.043997 0.010541 0.064255
0 0.269523 0.034959 0.013658 0.069917
0 0.846978 0.045747 0.020055 0.090785
0 0.966579 0.076331 0.022453 0.122891
0 0.261467 0.035207 0.012164 0.070414
0 0.238071 0.041128 0.010515 0.064183
0 0.232177 0.044259 0.011639 0.066359
