0 0.791606 0.438293 0.132099 0.148725
0 0.199347 0.919086 0.108606 0.159875
0 0.569373 0.590178 0.130056 0.140713
0 0.477204 0.437496 0.094400 0.141781
0 0.130487 0.504214 0.197037 0.145338
0 0.764184 0.129648 0.062360 0.258448
0 0.409951 0.464163 0.058771 0.116083
0 0.952487 0.838571 0.094440 0.318468
0 0.138366 0.441383 0.211235 0.252411
0 0.730922 0.596267 0.059860 0.106708
0 0.960604 0.527785 0.078195 0.150122
0 0.667772 0.511235 0.107992 0.137118
0 0.694153 0.510634 0.057380 0.134547
0 0.570688 0.465497 0.055656 0.119375
0 0.746124 0.126149 0.101781 0.252059
0 0.719597 0.120672 0.047799 0.240164
0 0.181705 0.418428 0.158093 0.204058
0 0.190460 0.504941 0.081546 0.150199
0 0.766790 0.599013 0.130774 0.112940
0 0.167993 0.397317 0.128488 0.163031
