0 0.514616 0.672472 0.025822 0.126789
0 0.259331 0.615759 0.044767 0.138206
0 0.486302 0.372360 0.020915 0.092039
0 0.305256 0.403139 0.018841 0.084057
0 0.356875 0.362524 0.016169 0.083773
0 0.970970 0.863287 0.045776 0.099496
0 0.328022 0.350020 0.016567 0.080997
0 0.202213 0.504608 0.023138 0.092597
0 0.410073 0.396897 0.018653 0.088710
0 0.470365 0.369640 0.014912 0.088348
0 0.705521 0.637204 0.033552 0.121456
0 0.451203 0.374467 0.018684 0.082675
0 0.234485 0.518575 0.027687 0.110982
0 0.425125 0.379861 0.017121 0.080927
0 0.387223 0.393319 0.017224 0.080226
0 0.139863 0.305439 0.017961 0.054456
0 0.084445 0.554726 0.029599 0.092731
0 0.268116 0.418481 0.016975 0.077479
0 0.538341 0.398388 0.018318 0.114125
0 0.398993 0.592478 0.029728 0.090143
0 0.571266 0.369573 0.012923 0.074028
0 0.537193 0.416936 0.020044 0.079226
0 0.165611 0.478042 0.019492 0.062322
0 0.540346 0.367876 0.012831 0.070076
0 0.558925 0.372269 0.013030 0.078569
0 0.617734 0.489600 0.022588 0.095985
0 0.162286 0.485200 0.032801 0.075478
0 0.678802 0.419791 0.016628 0.061884
0 0.691956 0.363966 0.015520 0.057957
0 0.055603 0.542443 0.018685 0.041017
0 0.571157 0.264354 0.010176 0.045181
0 0.526659 0.374334 0.012628 0.071041
0 0.017789 0.757893 0.025778 0.052147
0 0.991697 0.524718 0.015973 0.074323
0 0.470390 0.319107 0.012539 0.044221
0 0.389936 0.834211 0.068391 0.226664
0 0.759151 0.407081 0.016298 0.048044
0 0.408443 0.387584 0.019599 0.096121
0 0.625852 0.309466 0.012285 0.051146
0 0.727396 0.377224 0.014897 0.066851
0 0.282377 0.413377 0.013406 0.074909
0 0.743936 0.379095 0.013793 0.059527
