0 0.609820 0.700284 0.028005 0.112855
0 0.431422 0.568193 0.023975 0.101816
0 0.463544 0.572357 0.020089 0.100190
0 0.555900 0.627564 0.021394 0.105487
0 0.430371 0.758085 0.029347 0.113685
0 0.366585 0.625838 0.026497 0.103318
0 0.361004 0.743247 0.024852 0.124096
0 0.585001 0.603933 0.020135 0.092210
0 0.322227 0.629662 0.027418 0.111150
0 0.400879 0.699422 0.030853 0.110760
0 0.467338 0.772326 0.026816 0.107853
0 0.236944 0.456126 0.025065 0.080038
0 0.183154 0.917920 0.038138 0.157490
0 0.324769 0.788750 0.042563 0.122986
0 0.416945 0.507775 0.014271 0.082677
0 0.326629 0.588942 0.027412 0.120167
0 0.214969 0.339831 0.014817 0.060967
0 0.945835 0.972643 0.032946 0.053332
0 0.672475 0.552850 0.020597 0.089093
0 0.221541 0.644194 0.031996 0.116051
0 0.326946 0.571002 0.026695 0.084635
0 0.397111 0.799669 0.024171 0.125529
0 0.621244 0.545583 0.019698 0.093064
0 0.252347 0.570124 0.024011 0.087909
0 0.397313 0.617743 0.019944 0.090851
0 0.652481 0.518677 0.019348 0.072133
0 0.324157 0.613696 0.027761 0.142249
0 0.741009 0.519832 0.018970 0.076279
0 0.328324 0.472775 0.015087 0.053216
0 0.488423 0.750482 0.026856 0.108957
0 0.395405 0.372834 0.011419 0.039653
0 0.506582 0.382463 0.016814 0.070555
0 0.816927 0.789731 0.041363 0.111924
0 0.278852 0.657549 0.034698 0.111845
0 0.383395 0.605348 0.017107 0.099120
