0 0.761728 0.446964 0.026101 0.064723
0 0.591835 0.297955 0.014682 0.075018
0 0.005829 0.311778 0.011476 0.042490
0 0.380785 0.223126 0.011567 0.061152
0 0.305294 0.233743 0.010618 0.054652
0 0.290908 0.240258 0.012515 0.058995
0 0.669344 0.263957 0.012972 0.060188
0 0.727473 0.303646 0.012425 0.047235
0 0.669708 0.255382 0.012308 0.042324
0 0.395065 0.216168 0.009803 0.050856
0 0.948120 0.924587 0.080125 0.147620
0 0.567766 0.290019 0.013559 0.069136
0 0.454403 0.252982 0.014224 0.096004
0 0.541435 0.269316 0.012618 0.065596
0 0.477532 0.246880 0.012400 0.064846
0 0.581791 0.198569 0.009752 0.058247
0 0.057155 0.223113 0.009681 0.022837
0 0.489548 0.245983 0.012359 0.063982
0 0.651138 0.230164 0.011956 0.049308
0 0.429260 0.185170 0.008904 0.043583
0 0.490834 0.256763 0.012589 0.086200
0 0.369628 0.148995 0.008108 0.034819
0 0.179215 0.214641 0.011318 0.043536
