0 0.544002 0.633177 0.012055 0.038747
0 0.382885 0.507614 0.015230 0.039756
0 0.585994 0.794136 0.014753 0.047723
0 0.482695 0.736990 0.016745 0.048802
0 0.354085 0.581549 0.014943 0.053996
0 0.285386 0.263921 0.018518 0.039744
0 0.883786 0.706977 0.026079 0.055391
0 0.484692 0.748938 0.019578 0.071067
0 0.363465 0.518925 0.013073 0.045945
0 0.468068 0.627842 0.012370 0.043458
0 0.713210 0.346659 0.013775 0.049003
0 0.453980 0.573616 0.014424 0.037418
0 0.503086 0.735020 0.016687 0.056731
0 0.655552 0.573108 0.014214 0.047120
0 0.887296 0.700839 0.018811 0.042505
0 0.487618 0.752453 0.023412 0.076761
0 0.265794 0.267713 0.014122 0.038711
