0 0.643124 0.444017 0.016046 0.049771
0 0.481830 0.480051 0.028823 0.044873
0 0.541980 0.487698 0.016817 0.040779
0 0.393938 0.268968 0.007962 0.037587
0 0.607276 0.300627 0.007552 0.041655
0 0.535926 0.487341 0.028586 0.040274
0 0.431883 0.308133 0.011908 0.028672
0 0.461201 0.297515 0.009420 0.043282
0 0.912588 0.297924 0.010238 0.039853
0 0.851768 0.283268 0.010883 0.036307
0 0.459699 0.296092 0.009137 0.042097
0 0.693573 0.324897 0.008069 0.033137
0 0.484476 0.299297 0.008321 0.039287
0 0.581983 0.289339 0.009135 0.037644
0 0.565022 0.308641 0.009887 0.032224
0 0.790059 0.301185 0.009687 0.042272
