0 0.135493 0.543292 0.154306 0.765635
0 0.316998 0.411363 0.263788 0.471997
0 0.980296 0.275072 0.038352 0.194619
0 0.923595 0.685269 0.151568 0.089811
0 0.488444 0.884831 0.103418 0.215768
0 0.259472 0.264538 0.036972 0.129291
0 0.856803 0.274087 0.046661 0.139113
0 0.372188 0.728029 0.204603 0.153329
0 0.185778 0.436404 0.052209 0.100457
0 0.277873 0.222369 0.070190 0.210437
0 0.773654 0.671338 0.068004 0.097641
0 0.907687 0.679007 0.116920 0.076814
0 0.408196 0.727486 0.129550 0.152434
0 0.418665 0.728366 0.258087 0.156953
