1 0.674797 0.879215 0.138237 0.240567
1 0.960710 0.369036 0.077360 0.085686
1 0.100414 0.653195 0.125524 0.211224
1 0.910833 0.820378 0.177125 0.250652
1 0.528887 0.582474 0.129601 0.124174
1 0.769481 0.831357 0.091929 0.261355
1 0.538917 0.770044 0.115914 0.212815
1 0.016143 0.426373 0.032130 0.111211
1 0.543809 0.747725 0.102098 0.168456
1 0.496503 0.463736 0.057180 0.113985
1 0.914871 0.886349 0.050746 0.128896
1 0.205860 0.489912 0.106780 0.126471
1 0.677935 0.433588 0.055532 0.059355
1 0.851785 0.285456 0.020191 0.042867
1 0.707474 0.336360 0.029435 0.049628
1 0.366436 0.761498 0.169949 0.213467
1 0.633374 0.419299 0.134948 0.104229
1 0.367829 0.814860 0.169915 0.362322
1 0.422197 0.472893 0.069105 0.089813
1 0.533712 0.300134 0.071717 0.075881
1 0.744959 0.311312 0.032232 0.049636
1 0.634417 0.318966 0.051136 0.073883
1 0.025144 0.080441 0.048758 0.100003
1 0.378851 0.629660 0.115712 0.198522
1 0.081233 0.321081 0.056387 0.064750
1 0.235926 0.309095 0.082068 0.085882
1 0.094588 0.470943 0.086893 0.105503
1 0.599433 0.415747 0.066937 0.098210
