1 0.261588 0.769084 0.303011 0.224689
1 0.498985 0.582494 0.218657 0.149918
1 0.769372 0.609134 0.201252 0.214790
1 0.453983 0.436658 0.173699 0.181785
1 0.158461 0.483716 0.222841 0.160351
1 0.381177 0.362521 0.164298 0.160107
1 0.628403 0.094131 0.129640 0.082942
1 0.747127 0.249143 0.311077 0.200616
1 0.151835 0.223476 0.152192 0.072818
1 0.478413 0.047915 0.107547 0.095514
1 0.271827 0.073052 0.163660 0.143470
1 0.625898 0.805971 0.220202 0.193686
1 0.894868 0.030207 0.057511 0.060120
1 0.041713 0.170495 0.082748 0.088129
1 0.246238 0.101122 0.109411 0.089727
1 0.465193 0.051750 0.077069 0.085730
1 0.680663 0.283930 0.183119 0.145374
1 0.018638 0.167128 0.036865 0.079325
