1 0.737616 0.770680 0.300110 0.229404
1 0.499000 0.584310 0.212807 0.154082
1 0.549011 0.429472 0.174454 0.171611
1 0.841914 0.482018 0.219653 0.156909
1 0.234124 0.609293 0.210849 0.216444
1 0.958158 0.170484 0.082612 0.086072
1 0.850931 0.219521 0.156304 0.063761
1 0.751772 0.101721 0.114577 0.087389
1 0.204795 0.247651 0.405458 0.199220
1 0.535352 0.048559 0.077265 0.094762
1 0.370396 0.093509 0.136580 0.081706
1 0.516457 0.048301 0.114754 0.095273
1 0.495410 0.013179 0.086922 0.026359
1 0.727156 0.071956 0.163745 0.142943
1 0.619835 0.363575 0.160402 0.162903
1 0.125808 0.031397 0.099933 0.062508
1 0.470262 0.338327 0.449457 0.257586
1 0.376562 0.804672 0.215691 0.192742
1 0.743918 0.419604 0.413010 0.275661
