0 0.381019 0.792771 0.046383 0.093440
0 0.207841 0.771459 0.020204 0.072008
0 0.914623 0.432244 0.012832 0.040992
0 0.436911 0.385424 0.021284 0.062208
0 0.411364 0.362024 0.016234 0.049422
0 0.660082 0.276869 0.013619 0.044021
0 0.153190 0.617380 0.023752 0.088456
0 0.855307 0.295472 0.011249 0.027295
0 0.954730 0.479931 0.013738 0.042404
0 0.118734 0.582883 0.017876 0.082172
0 0.896752 0.431040 0.014114 0.031225
0 0.159800 0.660141 0.035242 0.097549
0 0.121925 0.596301 0.026761 0.111943
0 0.468210 0.314310 0.017572 0.054152
0 0.127845 0.596150 0.035949 0.123705
0 0.796674 0.316046 0.016292 0.031512
0 0.969192 0.448198 0.013970 0.030599
0 0.468846 0.313994 0.027324 0.051467
0 0.556371 0.276293 0.012181 0.029549
0 0.481236 0.322236 0.014965 0.037807
0 0.961432 0.476449 0.029179 0.051189
0 0.240025 0.122496 0.009751 0.024327
0 0.745200 0.288847 0.010604 0.022116
