0 0.534426 0.581993 0.019792 0.101074
0 0.503132 0.573028 0.023739 0.096450
0 0.316385 0.414375 0.022197 0.084809
0 0.431581 0.609917 0.024330 0.110471
0 0.304610 0.295713 0.013416 0.061026
0 0.627109 0.652721 0.024897 0.112099
0 0.342853 0.617731 0.026707 0.122334
0 0.372389 0.764613 0.035609 0.128288
0 0.677416 0.747194 0.032700 0.118155
0 0.411965 0.730376 0.024070 0.124149
0 0.485330 0.500225 0.021308 0.098378
0 0.415911 0.440319 0.010794 0.041965
0 0.634653 0.577543 0.025480 0.072538
0 0.285075 0.584998 0.031875 0.134651
0 0.460484 0.685324 0.027341 0.110561
0 0.230138 0.622124 0.033510 0.143923
0 0.395611 0.572173 0.027459 0.160884
0 0.518770 0.788835 0.028745 0.109639
0 0.700816 0.586782 0.021719 0.092542
0 0.825224 0.572990 0.021306 0.081117
0 0.756803 0.602569 0.023683 0.087613
0 0.246605 0.578131 0.029934 0.097443
0 0.657253 0.641012 0.024272 0.100454
0 0.259085 0.645350 0.030289 0.094471
0 0.419523 0.243174 0.011407 0.049341
0 0.393107 0.602661 0.024489 0.115814
0 0.727497 0.553105 0.018632 0.078561
0 0.815541 0.651343 0.027182 0.068509
0 0.049570 0.443092 0.028255 0.074696
0 0.480706 0.747652 0.028105 0.114238
0 0.544132 0.771258 0.026837 0.113025
0 0.462890 0.604075 0.017803 0.078203
0 0.238314 0.758380 0.034525 0.110832
0 0.153942 0.436932 0.023395 0.081197
0 0.482874 0.367682 0.012563 0.060711
0 0.333538 0.527064 0.024976 0.088902
