0 0.695071 0.397748 0.093048 0.335120
0 0.859789 0.499694 0.117752 0.464195
0 0.787665 0.374446 0.064578 0.249073
0 0.423393 0.491477 0.105009 0.636063
0 0.323590 0.457878 0.105321 0.637982
0 0.528579 0.465137 0.123886 0.607077
0 0.166205 0.400897 0.075663 0.400000
0 0.967863 0.409855 0.038300 0.176435
0 0.926742 0.383105 0.030228 0.141400
0 0.577993 0.224120 0.007939 0.029148
0 0.278437 0.468964 0.040453 0.291495
0 0.381838 0.425858 0.040738 0.465378
0 0.966112 0.432233 0.035364 0.132364
0 0.384371 0.497244 0.052814 0.617755
0 0.380388 0.268317 0.032692 0.147531
0 0.382337 0.309239 0.036825 0.230568
