0 0.074177 0.734258 0.147921 0.522412
0 0.549680 0.644611 0.181619 0.699782
0 0.791477 0.487981 0.085770 0.330220
0 0.965678 0.528105 0.068057 0.442467
0 0.295546 0.576571 0.065979 0.358514
0 0.683093 0.662445 0.130133 0.660274
0 0.381146 0.667276 0.151086 0.650782
0 0.462696 0.640879 0.104137 0.678698
0 0.242566 0.408363 0.012056 0.035560
0 0.871048 0.371766 0.022807 0.126376
0 0.891929 0.364002 0.016137 0.117419
0 0.945432 0.459193 0.050974 0.293099
0 0.841714 0.365767 0.023279 0.133958
0 0.464997 0.392254 0.062723 0.186625
0 0.318001 0.391568 0.010538 0.032328
0 0.926862 0.379036 0.022206 0.149225
0 0.750253 0.374550 0.029344 0.128189
