0 0.701545 0.465242 0.021218 0.055993
0 0.527964 0.524310 0.023056 0.062846
0 0.486858 0.563005 0.023317 0.059101
0 0.422359 0.438053 0.023266 0.061825
0 0.204524 0.316075 0.009583 0.037494
0 0.766851 0.377552 0.014088 0.054623
0 0.636097 0.348088 0.011304 0.048063
0 0.820817 0.320142 0.010616 0.045119
0 0.255854 0.266231 0.011184 0.044574
0 0.943068 0.307013 0.012722 0.046356
0 0.876627 0.323820 0.011901 0.044711
0 0.544258 0.327548 0.012690 0.045084
0 0.452938 0.355108 0.014288 0.058113
0 0.779412 0.313911 0.009009 0.042455
0 0.404973 0.314270 0.010829 0.048242
0 0.615864 0.359376 0.010969 0.074094
0 0.817319 0.382652 0.013105 0.054482
0 0.502612 0.355453 0.011499 0.055929
0 0.616969 0.330669 0.010930 0.033960
0 0.517247 0.362931 0.015733 0.053036
0 0.479908 0.350036 0.009740 0.054298
0 0.418085 0.352182 0.013780 0.040695
0 0.762798 0.316237 0.009482 0.054310
0 0.481213 0.342872 0.013180 0.069073
0 0.168633 0.278269 0.012275 0.037332
0 0.473976 0.454129 0.028144 0.047232
0 0.154054 0.289813 0.011522 0.040647
0 0.615235 0.368912 0.010893 0.059106
0 0.832733 0.319548 0.009478 0.045646
0 0.852877 0.341602 0.010526 0.047825
0 0.155272 0.299423 0.011821 0.043949
0 0.504525 0.356532 0.011198 0.055586
0 0.982595 0.324204 0.013029 0.045530
0 0.454606 0.343269 0.015513 0.083104
0 0.966390 0.323087 0.013324 0.047173
0 0.993968 0.320640 0.010811 0.043708
0 0.815828 0.391072 0.014410 0.042586
0 0.760453 0.316511 0.010738 0.054625
