0 0.355662 0.614180 0.034865 0.156043
0 0.530435 0.692707 0.030602 0.151658
0 0.520309 0.249928 0.025975 0.123193
0 0.745860 0.470298 0.039393 0.139005
0 0.476946 0.616514 0.028583 0.183413
0 0.639451 0.566397 0.030092 0.144602
0 0.311845 0.389301 0.028329 0.122761
0 0.609273 0.740987 0.050712 0.137580
0 0.422926 0.794514 0.038257 0.098265
0 0.155916 0.374497 0.053754 0.155468
0 0.144099 0.270393 0.016275 0.041038
0 0.145496 0.343433 0.027074 0.065025
0 0.422808 0.776793 0.039577 0.135928
0 0.573189 0.545988 0.030828 0.101634
0 0.381476 0.465018 0.021283 0.121040
