0 0.130696 0.366503 0.034973 0.138552
0 0.221957 0.529196 0.071879 0.237612
0 0.415800 0.805903 0.051288 0.209069
0 0.573098 0.881485 0.102946 0.234897
0 0.709514 0.772637 0.115277 0.281766
0 0.537201 0.557077 0.033432 0.227452
0 0.960900 0.943815 0.077597 0.110984
0 0.646179 0.612379 0.054837 0.225610
0 0.044341 0.260606 0.013978 0.064934
0 0.164218 0.274545 0.025568 0.092369
0 0.011386 0.283213 0.022772 0.095026
0 0.443595 0.320778 0.021044 0.110263
0 0.747158 0.884176 0.104122 0.229638
0 0.829124 0.374705 0.037290 0.137073
0 0.587022 0.610153 0.038544 0.172182
0 0.600735 0.456074 0.031046 0.204068
0 0.463624 0.360911 0.024129 0.108239
0 0.165756 0.257126 0.024678 0.123761
0 0.555318 0.764085 0.065529 0.162795
0 0.676041 0.329487 0.031875 0.160823
0 0.533652 0.405500 0.027905 0.158530
0 0.689864 0.498412 0.049694 0.162624
0 0.624556 0.345345 0.025890 0.139427
0 0.166899 0.229504 0.021555 0.069497
0 0.592233 0.307349 0.025901 0.129542
0 0.503309 0.261598 0.026583 0.113880
0 0.752199 0.321348 0.025198 0.091517
0 0.784774 0.460466 0.042295 0.162691
0 0.769468 0.629006 0.066321 0.203411
0 0.735900 0.409741 0.032130 0.175295
0 0.834073 0.687623 0.074899 0.195122
0 0.733243 0.432128 0.035409 0.134304
0 0.741067 0.241460 0.022507 0.085779
