0 0.449361 0.603702 0.033388 0.086662
0 0.530742 0.549842 0.045537 0.089396
0 0.706141 0.468051 0.021742 0.067386
0 0.986458 0.447587 0.025201 0.054294
0 0.401826 0.437034 0.024555 0.071927
0 0.165644 0.325376 0.010304 0.040171
0 0.458426 0.488522 0.023200 0.073530
0 0.430400 0.382874 0.016045 0.058520
0 0.918790 0.333848 0.011366 0.048833
0 0.232258 0.267443 0.011592 0.054344
0 0.861411 0.326911 0.012674 0.048216
0 0.840700 0.387468 0.013748 0.052828
0 0.592136 0.359612 0.013021 0.058977
0 0.619798 0.374737 0.013343 0.066241
0 0.846882 0.329112 0.011011 0.046659
0 0.955990 0.309766 0.011915 0.046264
0 0.609321 0.355060 0.010613 0.055238
0 0.889009 0.355438 0.014469 0.061200
0 0.344457 0.590919 0.012432 0.032947
0 0.644112 0.359038 0.013239 0.044818
0 0.621645 0.366270 0.012956 0.083059
0 0.088906 0.276009 0.015167 0.046029
