0 0.845955 0.147108 0.035577 0.128582
0 0.887292 0.139581 0.027468 0.127492
0 0.672402 0.153049 0.036510 0.143603
0 0.443133 0.175125 0.038726 0.170992
0 0.262892 0.153720 0.024121 0.071817
0 0.381412 0.168327 0.031405 0.146216
0 0.630558 0.062707 0.028530 0.124471
0 0.574851 0.078820 0.030517 0.157639
0 0.073783 0.162947 0.024181 0.108663
0 0.299966 0.063061 0.022821 0.097729
0 0.962023 0.196033 0.032639 0.116068
0 0.828784 0.175898 0.024197 0.078439
0 0.505579 0.095694 0.033708 0.150999
0 0.739288 0.043017 0.020904 0.086034
0 0.802154 0.209418 0.031971 0.148833
0 0.746025 0.128023 0.033949 0.129659
0 0.688823 0.096187 0.024974 0.090783
0 0.805479 0.097959 0.023907 0.088258
0 0.963190 0.180512 0.029356 0.085240
0 0.233053 0.058573 0.026694 0.108748
0 0.867795 0.054823 0.027288 0.105766
0 0.036093 0.227272 0.021372 0.073359
0 0.407003 0.097610 0.028305 0.121457
0 0.370022 0.087113 0.024226 0.106949
0 0.296620 0.165155 0.030892 0.085822
0 0.116452 0.148106 0.021838 0.097902
