0 0.604301 0.754706 0.019149 0.067200
0 0.358303 0.422802 0.016381 0.047624
0 0.332769 0.437533 0.014789 0.046966
0 0.865871 0.448687 0.020115 0.049272
0 0.923383 0.673145 0.028580 0.069488
0 0.644465 0.473636 0.019581 0.051407
0 0.656521 0.510151 0.016411 0.055991
0 0.479609 0.657470 0.015085 0.066410
0 0.549116 0.554484 0.014096 0.042455
0 0.778775 0.389680 0.016237 0.047123
0 0.344241 0.510087 0.020306 0.059040
0 0.392144 0.739948 0.021346 0.050887
0 0.347822 0.507987 0.014488 0.057721
0 0.503389 0.648944 0.017898 0.072518
0 0.451389 0.494904 0.014527 0.049319
0 0.522300 0.574310 0.014486 0.049958
0 0.472399 0.458785 0.011953 0.060418
0 0.503906 0.660299 0.016322 0.048686
0 0.539381 0.480927 0.014762 0.053465
0 0.892889 0.446357 0.020868 0.063871
0 0.829680 0.388809 0.018754 0.058732
0 0.418599 0.723683 0.017314 0.059002
0 0.706551 0.284526 0.014143 0.050005
0 0.339645 0.512159 0.017567 0.054915
0 0.523939 0.584655 0.018295 0.068957
