0 0.881760 0.776123 0.095805 0.362994
0 0.479182 0.795178 0.085700 0.383211
0 0.536956 0.771101 0.071562 0.444365
0 0.939846 0.760976 0.065448 0.363183
0 0.822999 0.735266 0.058428 0.332768
0 0.202412 0.309935 0.030937 0.170290
0 0.602756 0.818394 0.082846 0.363034
0 0.163675 0.313393 0.031074 0.172872
0 0.046412 0.307281 0.029434 0.182335
0 0.093103 0.304804 0.036237 0.181709
0 0.300496 0.306672 0.027402 0.166865
0 0.323608 0.309234 0.026950 0.162012
0 0.613001 0.642242 0.039571 0.129579
0 0.381214 0.685167 0.053085 0.176852
0 0.115726 0.601009 0.012529 0.049673
0 0.097186 0.586504 0.012556 0.069101
0 0.918072 0.634850 0.036197 0.159485
0 0.619021 0.698622 0.050913 0.243175
0 0.116239 0.311613 0.026692 0.161387
0 0.132773 0.579045 0.007603 0.030367
0 0.641873 0.332935 0.015172 0.029950
0 0.849828 0.620363 0.037777 0.105338
0 0.534095 0.343618 0.021300 0.109233
0 0.300339 0.254727 0.026007 0.062889
0 0.916644 0.713691 0.036605 0.319377
0 0.092287 0.240411 0.031179 0.057805
0 0.851991 0.611369 0.032624 0.085007
0 0.116577 0.251658 0.019854 0.040660
0 0.384081 0.690817 0.037950 0.164468
0 0.619716 0.327573 0.011241 0.026429
0 0.044643 0.245870 0.025154 0.057742
