0 0.716319 0.638537 0.025981 0.105360
0 0.805678 0.951202 0.049089 0.096382
0 0.549811 0.610754 0.026630 0.126059
0 0.618864 0.417704 0.019222 0.078405
0 0.570595 0.445152 0.017721 0.072383
0 0.430340 0.715410 0.032067 0.107953
0 0.709608 0.533709 0.018243 0.092205
0 0.451437 0.660077 0.024376 0.116035
0 0.348226 0.973594 0.034539 0.051084
0 0.242603 0.714401 0.043849 0.128029
0 0.376884 0.971892 0.031224 0.056118
0 0.090487 0.757980 0.036207 0.081129
0 0.577424 0.589196 0.025685 0.111357
0 0.479600 0.640195 0.021911 0.115491
0 0.993883 0.459564 0.011576 0.053150
0 0.931187 0.700002 0.019652 0.040409
0 0.372125 0.712394 0.026870 0.096855
0 0.589280 0.450261 0.021678 0.091364
0 0.337793 0.670372 0.019344 0.099733
0 0.434976 0.324201 0.013247 0.051873
0 0.121339 0.680519 0.028220 0.085257
0 0.421739 0.460930 0.016490 0.086708
0 0.151697 0.592966 0.025768 0.081808
0 0.779218 0.390955 0.018527 0.076062
0 0.704728 0.406175 0.012861 0.049085
0 0.124719 0.687988 0.037770 0.100374
0 0.784373 0.388740 0.013700 0.075402
0 0.310006 0.703438 0.031952 0.111984
0 0.325882 0.291426 0.015289 0.045774
0 0.559482 0.505589 0.022996 0.086980
0 0.349830 0.313516 0.018340 0.047343
0 0.707441 0.456660 0.017484 0.072059
0 0.730710 0.539478 0.023747 0.086278
0 0.175035 0.537936 0.022816 0.086810
