0 0.740412 0.435720 0.022918 0.070173
0 0.635577 0.253318 0.015650 0.087280
0 0.466176 0.242816 0.012333 0.058907
0 0.289836 0.239578 0.013532 0.054053
0 0.303392 0.234929 0.009148 0.050665
0 0.570232 0.294670 0.015701 0.078202
0 0.443519 0.226925 0.014594 0.075450
0 0.616091 0.250660 0.012031 0.064146
0 0.652102 0.265791 0.013614 0.073351
0 0.633878 0.260493 0.015722 0.077227
0 0.011957 0.308485 0.011083 0.036503
0 0.529061 0.271628 0.012404 0.060685
0 0.553819 0.289504 0.012353 0.064702
0 0.481652 0.249233 0.016392 0.074502
0 0.407344 0.215467 0.008505 0.039448
0 0.636873 0.225544 0.013268 0.035556
0 0.388972 0.216404 0.008903 0.050496
0 0.422249 0.186126 0.009478 0.047817
0 0.542095 0.273743 0.011753 0.066045
