0 0.764375 0.244632 0.027007 0.082518
0 0.824476 0.269215 0.048923 0.081118
0 0.149523 0.702641 0.089534 0.138586
0 0.462299 0.594371 0.068420 0.112721
0 0.990623 0.304153 0.018172 0.051248
0 0.844285 0.278945 0.068483 0.072269
0 0.853833 0.280077 0.048912 0.069497
0 0.982458 0.306701 0.034104 0.058359
0 0.353747 0.640138 0.126257 0.135814
0 0.365803 0.619719 0.111716 0.092524
0 0.390734 0.628834 0.203367 0.161304
0 0.131617 0.699968 0.127346 0.136456
0 0.333695 0.640798 0.086541 0.139321
0 0.342395 0.606487 0.050333 0.070512
