0 0.700487 0.390901 0.081852 0.302319
0 0.863882 0.471860 0.103635 0.433571
0 0.537816 0.481741 0.131604 0.547306
0 0.800352 0.382469 0.052889 0.240856
0 0.437487 0.510013 0.091531 0.553723
0 0.347278 0.465050 0.100743 0.565575
0 0.208758 0.410231 0.069721 0.362799
0 0.961842 0.397624 0.032043 0.148744
0 0.971714 0.774298 0.055373 0.444678
0 0.993446 0.423707 0.012527 0.127649
0 0.413416 0.286500 0.048911 0.128319
0 0.615856 0.243671 0.007212 0.028927
0 0.939393 0.351964 0.024176 0.091105
0 0.581970 0.514874 0.046821 0.308263
0 0.593119 0.243200 0.008820 0.033947
0 0.458037 0.261846 0.043070 0.119421
0 0.981498 0.613922 0.035928 0.122392
0 0.971829 0.678417 0.055572 0.627747
0 0.938931 0.373330 0.026031 0.131833
0 0.971755 0.689571 0.055486 0.379374
