0 0.840447 0.707210 0.036799 0.162137
0 0.619107 0.639448 0.014841 0.068510
0 0.405662 0.617874 0.014362 0.073027
0 0.434497 0.621515 0.014039 0.066191
0 0.387403 0.607054 0.014686 0.065522
0 0.497392 0.654749 0.033964 0.105888
0 0.169516 0.552347 0.010848 0.047667
0 0.384684 0.607027 0.013264 0.066274
0 0.478647 0.653852 0.024594 0.102405
0 0.530440 0.625403 0.013867 0.054658
0 0.256617 0.575244 0.011823 0.055568
0 0.477075 0.651425 0.016915 0.101192
0 0.502819 0.648773 0.026348 0.108395
0 0.243035 0.571070 0.012599 0.052177
0 0.186951 0.555333 0.010385 0.048802
0 0.279236 0.580708 0.008618 0.050665
0 0.553570 0.623954 0.011249 0.030473
