0 0.107427 0.688587 0.058551 0.151150
0 0.340166 0.472259 0.036394 0.129145
0 0.482914 0.368237 0.018481 0.099824
0 0.908443 0.462046 0.022672 0.069706
0 0.433608 0.365237 0.020131 0.111296
0 0.088347 0.536409 0.047838 0.092137
0 0.243486 0.558362 0.043786 0.176276
0 0.559252 0.332943 0.035633 0.091481
0 0.173057 0.323551 0.021690 0.081176
0 0.175290 0.460107 0.036838 0.130963
0 0.132769 0.439639 0.024708 0.099020
0 0.109015 0.363144 0.018360 0.083903
0 0.303809 0.391611 0.023802 0.115027
0 0.231063 0.371299 0.020889 0.093802
0 0.438107 0.365814 0.027974 0.112181
0 0.260308 0.359516 0.023297 0.095058
0 0.180993 0.454611 0.031804 0.118575
0 0.200207 0.357682 0.027452 0.117490
0 0.265019 0.462291 0.030840 0.118905
0 0.767164 0.278340 0.015671 0.043256
0 0.356449 0.270113 0.013479 0.081586
0 0.035663 0.365599 0.023661 0.098125
0 0.951406 0.501934 0.031567 0.069988
0 0.266296 0.485481 0.034468 0.164953
0 0.308846 0.300288 0.013427 0.073266
