0 0.258825 0.800376 0.041559 0.131861
0 0.656478 0.648392 0.019688 0.116954
0 0.385354 0.622952 0.018209 0.083658
0 0.406362 0.623939 0.017284 0.079411
0 0.444353 0.575922 0.030895 0.132060
0 0.972107 0.452122 0.018294 0.061041
0 0.587875 0.563099 0.025766 0.105819
0 0.184536 0.460749 0.017540 0.059390
0 0.656007 0.523155 0.020384 0.088430
0 0.716062 0.543854 0.018564 0.064768
0 0.294160 0.462769 0.013378 0.076328
0 0.683879 0.511867 0.019600 0.089778
0 0.312756 0.457001 0.016888 0.080659
0 0.748950 0.529559 0.018739 0.094510
0 0.594740 0.432395 0.016809 0.085759
0 0.913920 0.434430 0.021494 0.085783
0 0.254658 0.312633 0.013531 0.046723
0 0.496228 0.595734 0.025614 0.108444
0 0.994823 0.457172 0.009815 0.042139
0 0.237509 0.308088 0.011896 0.050546
0 0.327607 0.471132 0.014163 0.060061
0 0.484899 0.441859 0.011943 0.071849
0 0.552788 0.477162 0.018885 0.076612
0 0.471402 0.533503 0.015079 0.116049
0 0.501617 0.463254 0.013908 0.073316
