0 0.553782 0.650256 0.030335 0.152460
0 0.465456 0.846095 0.037118 0.200443
0 0.661510 0.533021 0.030339 0.177414
0 0.601475 0.529309 0.029183 0.130251
0 0.509344 0.579949 0.033671 0.175217
0 0.384667 0.605156 0.031621 0.176533
0 0.759842 0.449212 0.043442 0.133266
0 0.552793 0.244677 0.035565 0.138867
0 0.625630 0.753929 0.033812 0.229631
0 0.412191 0.449382 0.026652 0.122854
0 0.935477 0.945585 0.059423 0.106869
0 0.359314 0.600984 0.023340 0.134124
0 0.533680 0.559084 0.029992 0.153079
0 0.624138 0.714315 0.029867 0.156808
