0 0.330403 0.871951 0.030657 0.102783
0 0.407421 0.776148 0.017556 0.057405
0 0.639155 0.639939 0.012384 0.057110
0 0.616094 0.821948 0.018571 0.084332
0 0.657659 0.426882 0.013085 0.066536
0 0.389939 0.782437 0.016284 0.057871
0 0.873585 0.479937 0.020424 0.077071
0 0.925413 0.511501 0.022582 0.059415
0 0.320783 0.550140 0.016560 0.070095
0 0.222702 0.474080 0.019412 0.058057
0 0.343064 0.567963 0.014453 0.051257
0 0.497089 0.748055 0.021842 0.081624
0 0.127967 0.561489 0.022865 0.052682
0 0.815884 0.460856 0.020242 0.060073
0 0.443776 0.543594 0.011681 0.062656
0 0.595556 0.629393 0.017198 0.066513
0 0.091216 0.288962 0.017435 0.030500
0 0.309869 0.557985 0.015129 0.069775
0 0.453377 0.601499 0.018572 0.075960
0 0.242437 0.302054 0.013106 0.049458
0 0.262048 0.300864 0.013875 0.046373
0 0.536821 0.622589 0.016774 0.042651
0 0.498619 0.732785 0.023640 0.106134
0 0.562880 0.603373 0.014774 0.058063
0 0.504303 0.587271 0.018535 0.070524
0 0.967467 0.510067 0.024633 0.078010
0 0.519191 0.520758 0.013323 0.065647
0 0.955521 0.500404 0.021154 0.065633
0 0.259417 0.468322 0.020199 0.063362
0 0.478497 0.713811 0.017090 0.082534
