0 0.389292 0.821921 0.055322 0.205556
0 0.562464 0.722193 0.049356 0.204433
0 0.794041 0.530842 0.036742 0.107787
0 0.255225 0.844110 0.069146 0.188878
0 0.861401 0.701535 0.058302 0.161679
0 0.303169 0.397955 0.027054 0.128872
0 0.956376 0.456649 0.027302 0.084474
0 0.351151 0.472813 0.027257 0.135742
0 0.832969 0.644714 0.061270 0.122400
0 0.651565 0.603903 0.030632 0.143483
0 0.824244 0.655160 0.079145 0.139758
0 0.468098 0.648697 0.045955 0.186180
0 0.041882 0.679541 0.055765 0.150414
0 0.597144 0.653932 0.034867 0.187466
0 0.816730 0.587727 0.050546 0.125024
0 0.804044 0.365896 0.021973 0.102478
0 0.439358 0.787110 0.046066 0.178789
0 0.648086 0.414818 0.026978 0.119319
0 0.432543 0.430568 0.025744 0.135920
0 0.116309 0.676968 0.054328 0.137727
0 0.242497 0.538769 0.035801 0.148624
0 0.236243 0.266042 0.014487 0.028952
0 0.055755 0.431838 0.019574 0.063121
0 0.599221 0.629474 0.032100 0.140512
0 0.398650 0.691108 0.025150 0.094998
0 0.338704 0.648768 0.026189 0.115474
0 0.501241 0.401009 0.022561 0.118126
0 0.280674 0.651617 0.044733 0.161083
0 0.130026 0.945965 0.056748 0.105376
0 0.461779 0.442594 0.026780 0.142925
0 0.476073 0.390980 0.025581 0.094798
0 0.865838 0.685524 0.049737 0.127207
0 0.229709 0.237104 0.014008 0.083571
