0 0.748722 0.565052 0.030485 0.121823
0 0.560709 0.546398 0.024278 0.136213
0 0.485200 0.582051 0.028869 0.133016
0 0.437930 0.656753 0.029152 0.119900
0 0.857052 0.905777 0.059976 0.142737
0 0.629444 0.367670 0.020673 0.091351
0 0.422940 0.411938 0.018544 0.093733
0 0.062310 0.705631 0.046633 0.115881
0 0.456804 0.597170 0.026049 0.138473
0 0.727840 0.479863 0.026534 0.105923
0 0.101349 0.623356 0.028070 0.076838
0 0.367249 0.664699 0.026901 0.117342
0 0.333233 0.614502 0.024502 0.120492
0 0.748799 0.483807 0.028936 0.103741
0 0.793776 0.347835 0.020331 0.076465
0 0.590708 0.529057 0.027199 0.125408
0 0.433954 0.294044 0.013566 0.058675
0 0.400393 0.541733 0.021394 0.096474
0 0.373593 0.599635 0.027969 0.068650
0 0.301338 0.648458 0.033212 0.121178
0 0.707599 0.364607 0.012500 0.060015
0 0.224663 0.661548 0.047138 0.134808
0 0.568632 0.448243 0.027372 0.096405
0 0.723450 0.405061 0.019414 0.085869
0 0.306785 0.656406 0.023625 0.105049
0 0.287705 0.244736 0.011749 0.051560
0 0.578624 0.383899 0.019722 0.065866
0 0.137191 0.525322 0.031272 0.106169
0 0.707948 0.383851 0.018571 0.079069
0 0.373940 0.617771 0.030775 0.105155
0 0.960286 0.645859 0.024196 0.044843
0 0.043918 0.457285 0.020097 0.046114
0 0.609314 0.468432 0.020625 0.109357
0 0.231422 0.681593 0.037828 0.098375
0 0.254418 0.497232 0.023013 0.076667
0 0.166458 0.486792 0.024550 0.095356
0 0.320246 0.256248 0.011501 0.043086
0 0.736363 0.389742 0.015517 0.081984
0 0.846774 0.911121 0.080504 0.152809
0 0.338423 0.946432 0.045609 0.092253
0 0.427647 0.490030 0.018577 0.071304
