0 0.511418 0.402612 0.088222 0.166325
0 0.604154 0.323406 0.055582 0.128398
0 0.620002 0.646884 0.079364 0.136571
0 0.285312 0.287869 0.057102 0.299142
0 0.374083 0.269352 0.050424 0.174142
0 0.047651 0.637822 0.094775 0.266690
0 0.011981 0.315912 0.023704 0.370464
0 0.353875 0.390056 0.073252 0.213483
0 0.090353 0.276743 0.049213 0.235734
0 0.327033 0.270255 0.050664 0.241343
0 0.721264 0.254183 0.032332 0.144283
0 0.886996 0.279126 0.040539 0.190037
0 0.211995 0.262583 0.036997 0.205475
0 0.751759 0.250672 0.034258 0.146828
0 0.849157 0.316875 0.047047 0.194419
0 0.805268 0.271751 0.030139 0.145511
0 0.189115 0.266160 0.034626 0.208004
0 0.045709 0.332936 0.058044 0.189967
0 0.146061 0.290097 0.057107 0.227266
0 0.494551 0.254471 0.037136 0.142076
