0 0.179982 0.653905 0.063004 0.165573
0 0.380050 0.372086 0.028251 0.145019
0 0.667085 0.826763 0.065147 0.227951
0 0.424871 0.489668 0.034526 0.164208
0 0.549046 0.541597 0.033049 0.184699
0 0.111803 0.453157 0.031912 0.094761
0 0.179717 0.376251 0.027602 0.079198
0 0.745435 0.866357 0.083490 0.223763
0 0.965639 0.633446 0.067653 0.173001
0 0.952625 0.520975 0.042710 0.129069
0 0.586995 0.951661 0.094339 0.095659
0 0.651212 0.538396 0.032614 0.198825
0 0.823654 0.790749 0.052220 0.147398
0 0.125541 0.927501 0.081620 0.139099
0 0.438764 0.873320 0.052054 0.123356
0 0.692781 0.431444 0.026481 0.115691
0 0.621255 0.375637 0.027175 0.101495
0 0.761652 0.404496 0.035640 0.143929
0 0.649805 0.539433 0.046308 0.196889
0 0.291768 0.531448 0.043534 0.112863
0 0.942518 0.372748 0.027785 0.101344
0 0.488830 0.677159 0.053561 0.132481
0 0.292068 0.559269 0.044735 0.171507
0 0.036202 0.725737 0.072256 0.207181
0 0.052986 0.573133 0.049805 0.114857
0 0.338022 0.703635 0.047985 0.180641
0 0.679105 0.501804 0.033055 0.129456
0 0.279789 0.215150 0.013512 0.043763
0 0.689814 0.373586 0.025347 0.075305
0 0.497292 0.679242 0.036853 0.135424
0 0.789568 0.361037 0.019857 0.090085
0 0.568021 0.194211 0.018649 0.056818
0 0.349458 0.711596 0.073406 0.184015
0 0.488600 0.214186 0.010738 0.055007
