0 0.808578 0.408623 0.041823 0.167082
0 0.120527 0.315592 0.045501 0.123542
0 0.032324 0.547153 0.064376 0.171755
0 0.635360 0.672833 0.064336 0.198297
0 0.779348 0.659213 0.064014 0.246493
0 0.425224 0.744616 0.058570 0.268257
0 0.307684 0.950096 0.086421 0.098161
0 0.320388 0.281247 0.036854 0.098197
0 0.092059 0.243475 0.020443 0.082324
0 0.422422 0.533543 0.042487 0.196843
0 0.169915 0.273088 0.020572 0.109740
0 0.576559 0.607792 0.047495 0.226401
0 0.472033 0.683634 0.047396 0.210235
0 0.322969 0.627408 0.060015 0.237414
0 0.281527 0.677915 0.047086 0.174021
0 0.529961 0.327105 0.029176 0.190818
0 0.745441 0.358970 0.023816 0.123542
0 0.630163 0.327083 0.023892 0.134200
0 0.980632 0.576641 0.034649 0.094786
0 0.419408 0.304079 0.022031 0.110848
0 0.219079 0.234573 0.024429 0.070059
0 0.962616 0.646884 0.064316 0.119056
0 0.456203 0.328969 0.026914 0.162872
0 0.957870 0.650999 0.042947 0.108634
0 0.961804 0.619074 0.072214 0.177962
0 0.308096 0.819198 0.080332 0.253024
0 0.458559 0.347362 0.021588 0.125799
