0 0.072741 0.218147 0.035832 0.151424
0 0.457508 0.224175 0.027641 0.107752
0 0.143045 0.615884 0.129786 0.129311
0 0.568341 0.687327 0.110126 0.051122
0 0.829916 0.639028 0.095655 0.067329
0 0.505471 0.218380 0.027472 0.112475
0 0.240304 0.222713 0.029077 0.121289
0 0.268758 0.225574 0.033337 0.116933
0 0.315020 0.221368 0.036577 0.125660
0 0.483662 0.221259 0.032613 0.112797
0 0.530876 0.199223 0.026784 0.086948
0 0.339209 0.226131 0.026117 0.104520
0 0.808402 0.636703 0.049658 0.062493
0 0.420496 0.217964 0.023892 0.109802
0 0.513625 0.487914 0.027668 0.033172
0 0.437997 0.221898 0.025648 0.109606
0 0.837032 0.884548 0.128032 0.157160
0 0.072710 0.188823 0.034578 0.091938
0 0.487919 0.222953 0.023709 0.106144
