0 0.599930 0.361453 0.048195 0.169271
0 0.041035 0.480752 0.082028 0.139438
0 0.687233 0.334981 0.045232 0.187453
0 0.033022 0.372053 0.064107 0.245288
0 0.298958 0.396665 0.049769 0.202047
0 0.526762 0.303384 0.062839 0.168261
0 0.205996 0.422502 0.096872 0.173926
0 0.637660 0.358587 0.047858 0.150524
0 0.130759 0.384957 0.057092 0.131027
0 0.955367 0.295324 0.088559 0.158475
0 0.412041 0.433564 0.048388 0.083500
0 0.094018 0.274600 0.044849 0.132796
0 0.539340 0.410028 0.071393 0.093119
0 0.763471 0.317646 0.044644 0.170171
0 0.567766 0.329883 0.033648 0.176803
0 0.899031 0.293401 0.059352 0.137891
0 0.265035 0.401146 0.030583 0.177303
0 0.395327 0.243903 0.042849 0.090725
0 0.092754 0.421724 0.061344 0.197233
0 0.723071 0.305617 0.044911 0.166967
0 0.022078 0.477065 0.044011 0.128568
0 0.711777 0.388145 0.035653 0.077121
0 0.621351 0.280501 0.039275 0.087057
0 0.348754 0.268903 0.055752 0.167270
0 0.381751 0.670739 0.074346 0.044604
