0 0.180910 0.751503 0.052251 0.130671
0 0.384290 0.683298 0.050179 0.132239
0 0.661107 0.483721 0.020870 0.092718
0 0.528972 0.535807 0.025710 0.119447
0 0.890742 0.440145 0.025444 0.095856
0 0.451130 0.528753 0.029940 0.113753
0 0.921508 0.376240 0.014280 0.056992
0 0.186778 0.375188 0.016320 0.052321
0 0.428636 0.560814 0.023204 0.104787
0 0.423019 0.458626 0.019895 0.095053
0 0.005759 0.312146 0.011413 0.038836
0 0.399762 0.506397 0.022143 0.104499
0 0.643057 0.425760 0.017092 0.074985
0 0.550364 0.499326 0.021959 0.105127
0 0.690191 0.434663 0.014264 0.055510
0 0.589289 0.398592 0.015424 0.071440
0 0.475984 0.453783 0.016383 0.086482
0 0.869624 0.365413 0.016604 0.080209
0 0.742348 0.332622 0.010142 0.050638
0 0.453097 0.453858 0.016986 0.064694
0 0.141672 0.294032 0.016789 0.059189
0 0.659899 0.415275 0.015292 0.061057
0 0.360569 0.389020 0.011848 0.049113
0 0.137073 0.297855 0.017465 0.053502
