0 0.424235 0.653296 0.049633 0.102025
0 0.525555 0.581458 0.028554 0.084404
0 0.724867 0.478920 0.023755 0.078296
0 0.466642 0.500034 0.028597 0.084565
0 0.134970 0.333876 0.010868 0.042453
0 0.394497 0.450491 0.024025 0.081525
0 0.286229 0.665823 0.052049 0.064402
0 0.627634 0.394390 0.017347 0.072995
0 0.846262 0.338207 0.011747 0.047329
0 0.055662 0.278922 0.013981 0.050313
0 0.586173 0.359654 0.014696 0.058488
0 0.868277 0.334966 0.011737 0.055410
0 0.068455 0.307939 0.013102 0.057293
0 0.869975 0.399605 0.015081 0.054942
0 0.654314 0.370379 0.010638 0.047949
0 0.415707 0.408149 0.018276 0.065102
0 0.502141 0.384938 0.015656 0.058696
0 0.108068 0.285815 0.010343 0.034890
0 0.919251 0.365443 0.014967 0.064353
0 0.083898 0.282418 0.009631 0.040962
0 0.517919 0.384801 0.015447 0.063524
0 0.386174 0.328743 0.011208 0.057233
0 0.944571 0.345298 0.017663 0.057301
0 0.546756 0.338436 0.011296 0.051368
0 0.617118 0.365576 0.013073 0.056740
0 0.884740 0.337523 0.011695 0.050635
0 0.966594 0.310005 0.010682 0.048326
0 0.093487 0.286384 0.012111 0.037929
0 0.064561 0.293910 0.023724 0.081596
