0 0.083992 0.467901 0.114836 0.478759
0 0.301458 0.495323 0.150447 0.773672
0 0.680981 0.377744 0.083124 0.351170
0 0.896469 0.484286 0.103298 0.489789
0 0.442389 0.547036 0.121990 0.696140
0 0.538283 0.464717 0.108545 0.683299
0 0.747674 0.336495 0.062698 0.255259
0 0.813639 0.307888 0.030783 0.143248
0 0.981756 0.366334 0.036012 0.167063
0 0.386019 0.376550 0.083919 0.515935
0 0.877581 0.324974 0.033902 0.143424
0 0.836735 0.313903 0.026348 0.133097
0 0.946527 0.338153 0.026699 0.151648
0 0.482814 0.248613 0.049262 0.183794
0 0.482636 0.478794 0.051846 0.644631
0 0.248102 0.570507 0.064355 0.263202
