0 0.226141 0.448190 0.048596 0.202313
0 0.498044 0.648728 0.073313 0.271900
0 0.160306 0.307855 0.032876 0.118365
0 0.391015 0.581794 0.038186 0.192846
0 0.612341 0.576414 0.056003 0.264749
0 0.637546 0.666757 0.056179 0.278385
0 0.584520 0.493152 0.043118 0.192562
0 0.012889 0.517439 0.025557 0.137546
0 0.795057 0.760349 0.092557 0.212547
0 0.041920 0.242105 0.023673 0.089071
0 0.736848 0.387613 0.036113 0.141580
0 0.494611 0.416380 0.027098 0.150549
0 0.025197 0.252543 0.019498 0.082738
0 0.535150 0.475089 0.028040 0.178240
0 0.069490 0.225242 0.015051 0.066670
0 0.806412 0.365018 0.040682 0.141077
0 0.695849 0.495739 0.050445 0.192095
0 0.436960 0.329064 0.026634 0.143792
0 0.746217 0.553650 0.056451 0.185680
0 0.625458 0.406309 0.034329 0.155190
0 0.825075 0.576951 0.042677 0.223117
0 0.313119 0.183538 0.024152 0.089670
0 0.523860 0.343768 0.024142 0.155868
0 0.011583 0.501866 0.023097 0.106455
0 0.184097 0.247466 0.021544 0.064472
0 0.214833 0.211050 0.016911 0.073358
0 0.852193 0.487217 0.031379 0.108443
0 0.587256 0.295095 0.026322 0.138027
