0 0.677706 0.622418 0.015831 0.042986
0 0.657105 0.622394 0.013648 0.043473
0 0.541674 0.704794 0.012612 0.034690
0 0.446187 0.830913 0.015832 0.046912
0 0.375335 0.653734 0.030962 0.062882
0 0.414405 0.851620 0.023604 0.041089
0 0.294970 0.333900 0.016082 0.036789
0 0.518991 0.708202 0.013137 0.040557
0 0.388431 0.606314 0.011287 0.035354
0 0.459380 0.638770 0.012747 0.035186
0 0.441921 0.698187 0.016911 0.040356
0 0.277389 0.338072 0.015477 0.036304
0 0.497434 0.818490 0.022233 0.067972
0 0.389388 0.605968 0.015479 0.033099
0 0.289714 0.917920 0.023844 0.056979
0 0.622209 0.615681 0.017333 0.070895
0 0.610592 0.623854 0.014116 0.043488
0 0.490319 0.819048 0.034240 0.069059
0 0.534477 0.628078 0.017517 0.052976
0 0.400945 0.590383 0.018587 0.043984
