0 0.550070 0.543215 0.025579 0.057913
0 0.477933 0.547168 0.023618 0.050385
0 0.639235 0.485655 0.019692 0.058498
0 0.405425 0.440879 0.019971 0.043300
0 0.719622 0.347994 0.012026 0.046675
0 0.436533 0.450981 0.019437 0.062584
0 0.466387 0.320079 0.009593 0.044686
0 0.889090 0.298051 0.010126 0.036535
0 0.819102 0.324459 0.011167 0.044822
0 0.867064 0.285550 0.011106 0.038562
0 0.588255 0.318786 0.012054 0.073845
0 0.493577 0.318954 0.011339 0.048939
0 0.506973 0.323710 0.017251 0.044261
0 0.258963 0.290749 0.007442 0.033241
0 0.453530 0.439449 0.017147 0.033849
0 0.607304 0.312149 0.009252 0.033174
0 0.435962 0.308787 0.012648 0.069590
0 0.739616 0.345016 0.011062 0.050209
0 0.420210 0.289195 0.010372 0.042171
0 0.337230 0.283431 0.010230 0.039719
0 0.737324 0.346325 0.014105 0.045259
0 0.621691 0.313812 0.010917 0.042649
0 0.531661 0.303468 0.008131 0.036147
0 0.432497 0.287719 0.011487 0.039701
0 0.434916 0.321241 0.015562 0.048961
0 0.368252 0.243867 0.008043 0.029131
