0 0.380133 0.938439 0.037137 0.114369
0 0.479873 0.332765 0.034108 0.075262
0 0.189787 0.904893 0.025360 0.074498
0 0.447618 0.416776 0.022310 0.059593
0 0.415318 0.397301 0.022941 0.054377
0 0.132578 0.704513 0.028063 0.111391
0 0.980844 0.518927 0.016297 0.040206
0 0.993482 0.477097 0.011891 0.037621
0 0.678322 0.296282 0.014598 0.034914
0 0.440101 0.242038 0.009481 0.023396
0 0.312779 0.174271 0.020833 0.038626
0 0.817383 0.336861 0.014796 0.033677
0 0.941587 0.466840 0.016843 0.041074
0 0.095551 0.672077 0.019081 0.106893
0 0.106297 0.670355 0.040803 0.148050
0 0.135367 0.686635 0.022055 0.072027
0 0.137196 0.720096 0.033304 0.126514
0 0.095939 0.678953 0.025536 0.126510
0 0.348411 0.158875 0.013456 0.032372
0 0.982492 0.521056 0.020597 0.050747
0 0.921008 0.466730 0.014551 0.038263
