0 0.659411 0.682926 0.032964 0.145766
0 0.146931 0.723115 0.046946 0.123358
0 0.639964 0.855554 0.060384 0.138505
0 0.255706 0.827861 0.048230 0.121296
0 0.507083 0.581808 0.027018 0.135446
0 0.686947 0.767531 0.042751 0.138607
0 0.539139 0.564574 0.030214 0.125755
0 0.607918 0.833210 0.042391 0.128265
0 0.603499 0.741045 0.034554 0.130555
0 0.453721 0.584489 0.021759 0.108169
0 0.598797 0.560200 0.020709 0.097895
0 0.262517 0.593915 0.029790 0.102850
0 0.376822 0.733960 0.049726 0.136661
0 0.314639 0.814508 0.027315 0.146434
0 0.289796 0.571852 0.027817 0.112071
0 0.894166 0.561525 0.041639 0.099200
0 0.642310 0.600833 0.021408 0.106671
0 0.220710 0.570409 0.031484 0.093544
0 0.587841 0.356263 0.016943 0.064511
0 0.660276 0.583645 0.020423 0.093319
0 0.371725 0.725495 0.039434 0.119119
0 0.740556 0.806568 0.092869 0.176123
0 0.087978 0.702190 0.046776 0.122977
0 0.763272 0.566522 0.031843 0.122731
0 0.693161 0.689719 0.027480 0.080494
0 0.620283 0.660124 0.025616 0.067635
0 0.341884 0.844599 0.037426 0.176337
0 0.208211 0.510260 0.019577 0.071855
0 0.423709 0.577409 0.025791 0.125091
0 0.223309 0.803558 0.032001 0.086020
0 0.141134 0.612059 0.046827 0.126199
0 0.604304 0.778609 0.036147 0.205014
0 0.294020 0.579246 0.034575 0.117333
0 0.900583 0.558547 0.028846 0.094600
0 0.230756 0.824945 0.046324 0.124951
0 0.754537 0.787636 0.064911 0.124754
0 0.364070 0.550225 0.023617 0.104349
0 0.766107 0.553676 0.023704 0.091962
0 0.467198 0.573710 0.020403 0.122225
0 0.171502 0.569121 0.029145 0.099307
