0 0.782902 0.194265 0.080370 0.207946
0 0.942569 0.111056 0.113663 0.222112
0 0.608697 0.112462 0.078139 0.224868
0 0.213321 0.224672 0.067723 0.120894
0 0.086458 0.148924 0.061810 0.275222
0 0.684515 0.113720 0.061692 0.224801
0 0.339546 0.188590 0.068326 0.203188
0 0.419186 0.195416 0.076707 0.192312
0 0.033999 0.179350 0.067961 0.235971
0 0.186924 0.139512 0.073487 0.272488
0 0.512570 0.147008 0.081120 0.286941
0 0.756212 0.096903 0.053644 0.173954
0 0.559955 0.117195 0.038767 0.233249
0 0.872836 0.122058 0.063965 0.203753
0 0.427074 0.075108 0.051805 0.113515
0 0.290148 0.168115 0.057363 0.238826
0 0.823227 0.122708 0.052150 0.200738
0 0.254603 0.148975 0.054620 0.251640
0 0.142520 0.236088 0.046628 0.099926
