0 0.191375 0.791481 0.046464 0.147169
0 0.564442 0.555281 0.028557 0.121047
0 0.180153 0.412780 0.012019 0.062054
0 0.428739 0.566469 0.025542 0.144295
0 0.667193 0.577564 0.022887 0.124165
0 0.980916 0.408617 0.018325 0.062583
0 0.411236 0.541015 0.019804 0.076495
0 0.657413 0.466821 0.018247 0.087672
0 0.378050 0.492100 0.022809 0.108281
0 0.329419 0.424057 0.012624 0.062268
0 0.769476 0.464136 0.020394 0.093628
0 0.619433 0.448577 0.022523 0.092454
0 0.714610 0.459712 0.022149 0.095021
0 0.305677 0.407446 0.017056 0.081564
0 0.113189 0.332593 0.021041 0.067026
0 0.495202 0.537436 0.022084 0.142559
0 0.360691 0.497525 0.021143 0.100974
0 0.290550 0.411611 0.014928 0.080532
0 0.576346 0.453794 0.020223 0.093470
0 0.485020 0.395861 0.012207 0.072357
0 0.725483 0.487468 0.017468 0.066495
0 0.555597 0.455055 0.017776 0.081844
0 0.469508 0.510878 0.023930 0.119539
0 0.441419 0.416352 0.018242 0.096124
0 0.235279 0.280842 0.012383 0.049463
0 0.490491 0.541582 0.023804 0.143521
0 0.252749 0.282630 0.012726 0.044815
0 0.486558 0.545077 0.024405 0.137595
0 0.455008 0.496591 0.013396 0.087976
0 0.586095 0.443215 0.010550 0.077657
