0 0.330599 0.847430 0.022524 0.074742
0 0.612952 0.817001 0.018752 0.079501
0 0.454205 0.593731 0.019319 0.083791
0 0.495946 0.732613 0.019762 0.098043
0 0.343254 0.560175 0.016818 0.052431
0 0.921059 0.504235 0.019498 0.052487
0 0.391040 0.777695 0.017088 0.056846
0 0.408648 0.769535 0.017255 0.054993
0 0.321520 0.543637 0.017391 0.071899
0 0.628134 0.638063 0.012102 0.049730
0 0.443961 0.537151 0.012443 0.063872
0 0.951985 0.496526 0.021744 0.075061
0 0.242718 0.289533 0.014421 0.045231
0 0.267505 0.462426 0.021431 0.058462
0 0.660702 0.409433 0.017656 0.058421
0 0.871460 0.463815 0.020332 0.073913
0 0.812696 0.451657 0.022692 0.060399
0 0.558397 0.599136 0.012301 0.055669
0 0.963891 0.499830 0.019927 0.075183
0 0.518745 0.513111 0.013907 0.064932
0 0.949928 0.490816 0.022587 0.061930
0 0.310849 0.552028 0.011968 0.065070
0 0.533667 0.621373 0.015617 0.038107
0 0.228830 0.467581 0.013404 0.058181
0 0.959332 0.502376 0.028357 0.080314
0 0.503990 0.633435 0.019062 0.071871
0 0.118376 0.552250 0.021234 0.046047
0 0.262695 0.287629 0.014969 0.043983
0 0.474231 0.701843 0.022169 0.097771
0 0.476967 0.713701 0.019250 0.077811
0 0.470074 0.682124 0.014721 0.061972
0 0.913461 0.407109 0.019767 0.062343
0 0.594006 0.624703 0.022975 0.064453
0 0.091116 0.273962 0.017604 0.028164
0 0.498961 0.728339 0.022704 0.097171
