0 0.636252 0.765018 0.030342 0.198806
0 0.559622 0.646847 0.034131 0.154361
0 0.392565 0.620487 0.029144 0.162069
0 0.516300 0.580408 0.032733 0.175818
0 0.764659 0.430515 0.036840 0.168264
0 0.674688 0.545439 0.034790 0.162645
0 0.472782 0.835424 0.035392 0.216669
0 0.613729 0.531925 0.028080 0.131340
0 0.562361 0.239792 0.027916 0.121832
0 0.416338 0.454889 0.036930 0.124662
0 0.944139 0.935843 0.062979 0.125898
0 0.340813 0.364318 0.029344 0.104266
0 0.938209 0.888413 0.075455 0.220377
0 0.471537 0.791591 0.036563 0.129840
