0 0.358967 0.778243 0.216763 0.158439
0 0.796918 0.434584 0.032021 0.101549
0 0.882921 0.433369 0.032809 0.113736
0 0.652369 0.434451 0.021214 0.081116
0 0.390058 0.748242 0.279792 0.221546
0 0.539959 0.435898 0.015645 0.066111
0 0.232628 0.452675 0.016518 0.070015
0 0.503674 0.440638 0.015171 0.068110
0 0.204887 0.453440 0.020049 0.074497
0 0.476909 0.431486 0.020684 0.084262
0 0.151163 0.457509 0.022154 0.078516
0 0.954750 0.445150 0.026805 0.056471
0 0.521223 0.437978 0.014892 0.068312
0 0.174710 0.455034 0.019839 0.063695
0 0.013149 0.478338 0.026288 0.104479
