0 0.492782 0.944842 0.083045 0.110316
0 0.249012 0.363257 0.031369 0.172332
0 0.398389 0.419310 0.043478 0.143359
0 0.450378 0.459170 0.045097 0.221488
0 0.194154 0.246573 0.031391 0.099186
0 0.558292 0.469548 0.030337 0.207759
0 0.066239 0.377662 0.029988 0.105406
0 0.807741 0.382071 0.033502 0.154912
0 0.380123 0.239371 0.018905 0.118431
0 0.086274 0.349398 0.027006 0.077365
0 0.755397 0.380582 0.044042 0.138906
0 0.494540 0.362935 0.024001 0.143786
0 0.631793 0.381850 0.033265 0.161748
0 0.666667 0.427347 0.031596 0.139112
0 0.567600 0.333793 0.029906 0.140123
0 0.655077 0.273314 0.023955 0.125712
0 0.688149 0.893371 0.074906 0.183945
0 0.528503 0.374312 0.029487 0.149878
0 0.466870 0.326921 0.022572 0.134436
0 0.064510 0.402730 0.032336 0.155958
0 0.688081 0.310577 0.027575 0.125392
0 0.814910 0.970528 0.040213 0.054123
0 0.070574 0.200096 0.015837 0.075194
0 0.330157 0.154517 0.018148 0.085623
0 0.729151 0.962155 0.055782 0.075689
0 0.214138 0.178915 0.015357 0.040742
0 0.427470 0.218056 0.021453 0.103081
0 0.539845 0.436173 0.024753 0.154157
0 0.675329 0.544096 0.025671 0.130536
0 0.488657 0.255145 0.032914 0.123869
