0 0.216206 0.557141 0.067602 0.243942
0 0.120155 0.388353 0.039159 0.143294
0 0.555322 0.615091 0.039183 0.240651
0 0.632778 0.472622 0.047784 0.194306
0 0.734916 0.873027 0.103967 0.240987
0 0.671672 0.671456 0.065518 0.240354
0 0.156223 0.268649 0.023756 0.133602
0 0.425451 0.905021 0.053175 0.185565
0 0.460483 0.367365 0.024725 0.130419
0 0.839980 0.380620 0.033349 0.134655
0 0.613101 0.676920 0.052326 0.211429
0 0.155064 0.291972 0.022737 0.089483
0 0.689541 0.349181 0.034677 0.175502
0 0.808313 0.492462 0.042563 0.169023
0 0.586669 0.887063 0.063987 0.207956
0 0.033860 0.272619 0.016798 0.064543
0 0.611975 0.947096 0.087351 0.105808
0 0.872784 0.794375 0.086755 0.239004
0 0.721078 0.547652 0.069728 0.185814
0 0.503278 0.282004 0.030975 0.128235
0 0.603794 0.323656 0.024882 0.129901
0 0.822248 0.700998 0.081188 0.232536
0 0.281342 0.219112 0.022023 0.086969
0 0.570659 0.451111 0.026513 0.169936
0 0.745813 0.253092 0.022019 0.082175
0 0.005938 0.301496 0.011835 0.088438
0 0.641908 0.368509 0.031309 0.150700
0 0.822454 0.668008 0.077588 0.172669
0 0.451881 0.291870 0.024256 0.086393
0 0.303905 0.210159 0.027435 0.099317
0 0.575995 0.454529 0.039083 0.179340
0 0.813466 0.659745 0.059472 0.154779
0 0.791490 0.277224 0.021581 0.104994
0 0.553015 0.243558 0.023527 0.148925
0 0.801915 0.429212 0.046931 0.143651
0 0.805977 0.410791 0.036732 0.109247
0 0.769252 0.330741 0.027131 0.083024
0 0.628225 0.313762 0.023793 0.119215
0 0.130122 0.175925 0.015882 0.064461
0 0.810002 0.466687 0.039113 0.113226
