0 0.552445 0.253887 0.029390 0.063366
0 0.101245 0.659577 0.122614 0.186084
0 0.723637 0.250962 0.028157 0.047000
0 0.611836 0.262623 0.027681 0.052095
0 0.594897 0.249407 0.022116 0.057300
0 0.237062 0.540873 0.058398 0.091742
0 0.389244 0.733784 0.068590 0.097373
0 0.098200 0.648073 0.096342 0.163454
0 0.604043 0.257706 0.034537 0.062309
0 0.379678 0.749684 0.045540 0.065519
0 0.405672 0.713683 0.031826 0.058775
0 0.222397 0.537896 0.038265 0.088614
0 0.384200 0.740394 0.053379 0.084189
0 0.233435 0.538680 0.042645 0.089454
