0 0.281890 0.115814 0.020635 0.085644
0 0.122012 0.669088 0.024837 0.089934
0 0.417661 0.038196 0.012073 0.059128
0 0.231624 0.123333 0.023627 0.066291
0 0.103412 0.760074 0.044441 0.110614
0 0.379447 0.071698 0.017207 0.056129
0 0.054740 0.672817 0.044036 0.121977
0 0.399310 0.053538 0.013810 0.052181
0 0.235047 0.127133 0.022337 0.069002
0 0.693765 0.103664 0.018395 0.058622
0 0.403949 0.055080 0.011941 0.051804
0 0.188816 0.772291 0.030581 0.086257
0 0.318895 0.109380 0.018940 0.069251
0 0.172227 0.755564 0.018017 0.072177
0 0.091208 0.635615 0.020573 0.094023
