0 0.472198 0.635775 0.019680 0.094442
0 0.356868 0.516904 0.018394 0.080668
0 0.403860 0.495958 0.020499 0.083137
0 0.221747 0.451933 0.017184 0.067147
0 0.274726 0.532258 0.021954 0.085150
0 0.501473 0.618829 0.020300 0.099120
0 0.369602 0.646289 0.018326 0.083171
0 0.576484 0.607430 0.021448 0.080135
0 0.548223 0.620755 0.023254 0.081643
0 0.157957 0.554208 0.018226 0.046789
0 0.350426 0.647037 0.024839 0.089641
0 0.295075 0.336289 0.016751 0.050873
0 0.131906 0.635705 0.024574 0.071149
0 0.451136 0.552439 0.021675 0.088071
0 0.487281 0.265326 0.020724 0.052158
0 0.671054 0.731557 0.025957 0.068485
0 0.381927 0.640450 0.015194 0.078005
0 0.602964 0.886914 0.022038 0.045664
0 0.159637 0.569653 0.021947 0.076934
0 0.293192 0.342605 0.021108 0.063931
0 0.313536 0.889267 0.029431 0.089518
0 0.365313 0.539014 0.014905 0.042889
0 0.450346 0.536204 0.020155 0.056023
0 0.450441 0.236342 0.014253 0.033411
