0 0.110374 0.818306 0.062268 0.146693
0 0.385014 0.713959 0.055682 0.105012
0 0.522765 0.584406 0.030210 0.115489
0 0.395099 0.493780 0.027316 0.102592
0 0.424831 0.570364 0.043748 0.103130
0 0.362143 0.499938 0.023474 0.101512
0 0.814545 0.452936 0.026799 0.092640
0 0.417192 0.426561 0.020311 0.093955
0 0.143997 0.354425 0.014324 0.050922
0 0.458179 0.436843 0.014773 0.079618
0 0.901888 0.359404 0.013530 0.054341
0 0.309988 0.430702 0.013755 0.060710
0 0.977173 0.364652 0.021408 0.064896
0 0.927875 0.354144 0.015413 0.070029
0 0.517029 0.480077 0.023660 0.113891
0 0.329583 0.430776 0.015468 0.058240
0 0.678133 0.407614 0.015429 0.057411
0 0.365278 0.364956 0.011412 0.050123
0 0.019222 0.296718 0.014090 0.046199
0 0.647770 0.395065 0.015883 0.068970
0 0.639134 0.463866 0.018797 0.079010
0 0.630600 0.402314 0.015848 0.073027
0 0.006493 0.289527 0.012842 0.057316
0 0.943783 0.354370 0.017909 0.060037
0 0.915622 0.414162 0.022921 0.061204
0 0.154148 0.283678 0.014791 0.053430
0 0.489398 0.436336 0.017456 0.093735
0 0.473147 0.430787 0.015035 0.080590
0 0.342678 0.352501 0.014674 0.068539
0 0.446322 0.352303 0.010141 0.051123
0 0.564863 0.374669 0.012918 0.063682
