0 0.608439 0.750741 0.016006 0.058927
0 0.318969 0.410644 0.015037 0.055037
0 0.284924 0.424320 0.017002 0.055093
0 0.375433 0.761237 0.014537 0.063177
0 0.683996 0.310419 0.018058 0.060356
0 0.574216 0.596554 0.015640 0.045386
0 0.421429 0.712109 0.012680 0.039907
0 0.407189 0.731345 0.011859 0.041117
0 0.610985 0.486967 0.015528 0.061623
0 0.800532 0.389071 0.023177 0.058683
0 0.645016 0.513975 0.015583 0.062440
0 0.467780 0.494589 0.015323 0.072082
0 0.542732 0.573827 0.013527 0.053273
0 0.482312 0.651114 0.014944 0.079067
0 0.341584 0.487876 0.015999 0.052403
0 0.448547 0.484944 0.011218 0.054765
0 0.567191 0.505670 0.014119 0.058122
0 0.507793 0.659979 0.016835 0.064514
0 0.244471 0.204344 0.018086 0.047700
0 0.518846 0.516127 0.015713 0.055519
0 0.558974 0.572380 0.013285 0.053676
0 0.514854 0.456907 0.012608 0.059162
0 0.267820 0.202071 0.017435 0.045925
0 0.489109 0.487693 0.014204 0.058250
0 0.558083 0.560115 0.013375 0.076010
0 0.093635 0.181366 0.016748 0.034631
