0 0.579304 0.895874 0.089866 0.196621
0 0.730287 0.795685 0.079571 0.233347
0 0.653289 0.769025 0.056226 0.199893
0 0.428596 0.456860 0.034175 0.157758
0 0.923557 0.488092 0.048170 0.136504
0 0.189672 0.612623 0.058963 0.169372
0 0.384178 0.352013 0.025928 0.139391
0 0.120684 0.444175 0.031541 0.097012
0 0.553589 0.506576 0.034368 0.180167
0 0.184562 0.357921 0.020871 0.077206
0 0.487100 0.630231 0.041850 0.125902
0 0.297769 0.495128 0.043530 0.115656
0 0.750790 0.380099 0.029828 0.131176
0 0.685870 0.408381 0.027992 0.116634
0 0.656297 0.504736 0.040839 0.191849
0 0.651491 0.504714 0.028549 0.185206
0 0.045783 0.700691 0.070669 0.163793
0 0.951973 0.588772 0.060323 0.162024
0 0.958073 0.578912 0.045911 0.142100
0 0.802468 0.722283 0.060824 0.156135
0 0.338247 0.645811 0.046096 0.193366
0 0.612698 0.332819 0.023163 0.085269
0 0.005309 0.377402 0.010366 0.037612
0 0.795216 0.747355 0.076240 0.208862
0 0.977118 0.591237 0.045127 0.123256
0 0.531783 0.959638 0.040273 0.071659
0 0.281962 0.213969 0.013928 0.040909
0 0.067697 0.543655 0.039040 0.117703
0 0.360319 0.662397 0.042692 0.159893
0 0.979192 0.621733 0.040951 0.169166
0 0.569345 0.184758 0.012848 0.055199
0 0.933199 0.357183 0.027613 0.098112
0 0.981907 0.676906 0.035055 0.085200
