0 0.603182 0.765989 0.018520 0.067434
0 0.546697 0.575096 0.012289 0.039935
0 0.913117 0.674958 0.027572 0.048643
0 0.502374 0.669242 0.018753 0.070555
0 0.652890 0.495679 0.016097 0.057085
0 0.393597 0.753503 0.019907 0.042148
0 0.480876 0.677734 0.015412 0.060359
0 0.421840 0.740118 0.016640 0.059841
0 0.255511 0.210492 0.014702 0.042986
0 0.349058 0.520758 0.020781 0.057798
0 0.653054 0.510270 0.017518 0.086753
0 0.502697 0.500592 0.012807 0.049764
0 0.365141 0.443247 0.017805 0.052575
0 0.451990 0.514917 0.014256 0.049796
0 0.824979 0.405392 0.020341 0.056027
