0 0.376420 0.453161 0.083813 0.091486
0 0.524025 0.512098 0.132163 0.266445
0 0.631819 0.461388 0.084337 0.094300
0 0.089068 0.470608 0.102139 0.090436
0 0.777587 0.490467 0.148348 0.127343
0 0.249717 0.927653 0.200572 0.141207
0 0.335309 0.596448 0.112877 0.112234
0 0.457806 0.442767 0.072230 0.090735
0 0.561737 0.684060 0.081965 0.156527
0 0.475706 0.428780 0.032527 0.056068
0 0.064536 0.457027 0.049302 0.065114
0 0.353739 0.601143 0.152116 0.120482
0 0.589923 0.780779 0.193699 0.350278
0 0.472410 0.433952 0.043531 0.068096
0 0.736095 0.489630 0.233170 0.133349
