0 0.157381 0.808131 0.056619 0.160338
0 0.400527 0.725167 0.047574 0.153236
0 0.426584 0.576444 0.024324 0.134650
0 0.679706 0.522297 0.022195 0.104231
0 0.557108 0.542641 0.023104 0.116722
0 0.958307 0.451147 0.030741 0.094866
0 0.507541 0.549635 0.025371 0.122485
0 0.398951 0.588006 0.038263 0.116326
0 0.180130 0.386109 0.011793 0.056357
0 0.329243 0.489381 0.017331 0.069007
0 0.413652 0.459571 0.023033 0.106909
0 0.474233 0.480971 0.016948 0.093186
0 0.708228 0.454648 0.016139 0.063013
0 0.660431 0.446362 0.017813 0.082247
0 0.678975 0.435142 0.017557 0.082321
0 0.599288 0.421381 0.018008 0.071613
0 0.492979 0.487365 0.021148 0.092385
0 0.326994 0.384228 0.015492 0.071583
0 0.990824 0.391239 0.017680 0.067045
0 0.832267 0.359173 0.018056 0.067761
0 0.978202 0.383191 0.018644 0.072557
0 0.437917 0.483477 0.018573 0.090663
0 0.352179 0.406732 0.015132 0.048016
0 0.950314 0.391449 0.015510 0.069159
0 0.311533 0.387207 0.012548 0.070301
0 0.124915 0.303745 0.014792 0.061759
0 0.613472 0.378859 0.022024 0.066898
