0 0.464760 0.727542 0.056897 0.200884
0 0.582391 0.828610 0.061358 0.209958
0 0.387933 0.933905 0.075335 0.132189
0 0.902045 0.782594 0.068399 0.162207
0 0.972830 0.487722 0.028187 0.087380
0 0.665926 0.439235 0.028449 0.106592
0 0.338227 0.519061 0.029000 0.142992
0 0.676125 0.677627 0.035929 0.140049
0 0.619240 0.730923 0.036733 0.176008
0 0.860968 0.728500 0.087973 0.139586
0 0.294509 0.428322 0.032186 0.145987
0 0.432257 0.466309 0.023539 0.146172
0 0.836277 0.593591 0.048596 0.118255
0 0.446393 0.897750 0.051647 0.188207
0 0.024119 0.758566 0.048077 0.130583
0 0.507614 0.429846 0.024517 0.122364
0 0.034671 0.472944 0.027914 0.072138
0 0.104556 0.750822 0.058541 0.150733
0 0.296226 0.733731 0.036918 0.118995
0 0.061668 0.743305 0.061698 0.145235
0 0.643823 0.206522 0.010040 0.042045
0 0.480962 0.420537 0.024991 0.098753
0 0.880231 0.709629 0.049421 0.104236
0 0.034213 0.564073 0.034765 0.080259
0 0.220221 0.224858 0.014380 0.055566
0 0.229771 0.276802 0.011709 0.027298
0 0.218210 0.964972 0.067303 0.070056
0 0.461916 0.426918 0.020311 0.055249
0 0.327106 0.721631 0.027855 0.112652
0 0.360412 0.808561 0.032369 0.103049
0 0.819242 0.404959 0.013121 0.055567
0 0.869290 0.663742 0.065789 0.118766
0 0.217425 0.949798 0.068762 0.100404
0 0.355928 0.548726 0.022575 0.070073
0 0.464332 0.467953 0.024014 0.141684
0 0.841041 0.581292 0.037924 0.094983
0 0.223651 0.565394 0.036525 0.101832
0 0.447330 0.423109 0.017892 0.066841
0 0.330088 0.728701 0.035821 0.126092
0 0.462456 0.444762 0.021712 0.092529
