0 0.830254 0.910334 0.070515 0.124240
0 0.746990 0.472356 0.028389 0.099953
0 0.400344 0.561787 0.026294 0.113796
0 0.525148 0.925413 0.046779 0.136125
0 0.205155 0.670770 0.042619 0.123286
0 0.275619 0.699526 0.050415 0.126967
0 0.880515 0.772228 0.046411 0.108758
0 0.092653 0.627626 0.031225 0.081713
0 0.712471 0.586502 0.030569 0.115855
0 0.572182 0.930178 0.034807 0.114107
0 0.621326 0.823132 0.035684 0.108318
0 0.301393 0.921119 0.050617 0.117847
0 0.447312 0.398115 0.022726 0.087312
0 0.340436 0.235245 0.009864 0.030331
0 0.378823 0.926827 0.042076 0.117649
0 0.574323 0.243816 0.013402 0.038774
0 0.459250 0.379410 0.016127 0.088255
0 0.443765 0.710949 0.029179 0.128286
0 0.340688 0.897777 0.049690 0.120726
0 0.684036 0.896443 0.058702 0.133675
0 0.701009 0.885377 0.091527 0.148581
0 0.709027 0.594199 0.025770 0.114525
0 0.619949 0.193574 0.009556 0.028977
0 0.892744 0.386396 0.015734 0.061356
0 0.991973 0.781535 0.015483 0.095658
0 0.858116 0.398198 0.020689 0.039593
0 0.329312 0.196796 0.010243 0.028383
0 0.169499 0.659930 0.044232 0.116227
0 0.806664 0.297728 0.019908 0.055232
0 0.247449 0.694081 0.035617 0.115965
0 0.868066 0.628430 0.038242 0.094276
0 0.713873 0.576458 0.027512 0.089915
0 0.038849 0.844405 0.051178 0.095905
0 0.243645 0.670680 0.025735 0.070060
0 0.226503 0.570119 0.025818 0.083658
0 0.417698 0.908301 0.041400 0.126437
0 0.169806 0.598926 0.028184 0.064770
0 0.143412 0.621201 0.026556 0.067607
0 0.857393 0.294927 0.014154 0.064429
0 0.716556 0.872842 0.059826 0.123601
0 0.606283 0.598902 0.023055 0.047669
0 0.417075 0.157613 0.010790 0.026383
0 0.907143 0.771821 0.050940 0.113029
