0 0.308793 0.897585 0.031868 0.121692
0 0.641390 0.801888 0.024833 0.095295
0 0.887479 0.505631 0.019263 0.079109
0 0.946769 0.526723 0.016727 0.057227
0 0.684206 0.648481 0.013966 0.066571
0 0.630735 0.624354 0.014642 0.081569
0 0.570381 0.603662 0.013644 0.066998
0 0.502267 0.695189 0.018352 0.080003
0 0.654372 0.623014 0.015692 0.081747
0 0.310952 0.548786 0.017752 0.073655
0 0.439772 0.548913 0.011850 0.069461
0 0.989874 0.528243 0.019363 0.070678
0 0.259923 0.353270 0.013049 0.048657
0 0.297674 0.557943 0.014870 0.070756
0 0.607814 0.628081 0.018330 0.089212
0 0.494627 0.560048 0.014182 0.067807
0 0.970401 0.524452 0.013862 0.050718
0 0.240753 0.351623 0.012281 0.046812
0 0.330541 0.565109 0.014735 0.060145
0 0.547160 0.608130 0.016343 0.072555
0 0.827709 0.484485 0.019165 0.066177
0 0.976671 0.513743 0.023486 0.085038
0 0.519144 0.522767 0.012715 0.060438
0 0.886355 0.529446 0.018745 0.032826
