0 0.651335 0.944188 0.071018 0.111623
0 0.508123 0.635573 0.027035 0.144802
0 0.131123 0.814729 0.044589 0.132601
0 0.669086 0.751895 0.036892 0.145143
0 0.541626 0.616757 0.032334 0.125797
0 0.354823 0.620762 0.028817 0.127456
0 0.602225 0.618575 0.024307 0.128411
0 0.591548 0.380162 0.019572 0.072981
0 0.364041 0.811240 0.047682 0.132273
0 0.419467 0.624738 0.026462 0.131807
0 0.278090 0.623510 0.031563 0.113725
0 0.701066 0.847118 0.046734 0.132593
0 0.671621 0.643174 0.021099 0.105075
0 0.387335 0.633926 0.027898 0.142480
0 0.613617 0.820113 0.049300 0.133722
0 0.452537 0.638896 0.021834 0.109924
0 0.300629 0.871787 0.025398 0.096956
0 0.652950 0.651425 0.024631 0.107189
0 0.617021 0.928196 0.046113 0.139853
0 0.929054 0.595345 0.043157 0.097660
0 0.068903 0.755816 0.056792 0.124827
0 0.327629 0.623784 0.028763 0.121151
0 0.793372 0.607448 0.030207 0.104630
0 0.705774 0.768106 0.036776 0.091108
0 0.247868 0.640801 0.033816 0.110564
0 0.467123 0.636983 0.019208 0.107875
0 0.632962 0.769849 0.021327 0.120553
0 0.385290 0.619001 0.023113 0.115003
0 0.241597 0.912139 0.055822 0.116527
0 0.968128 0.866246 0.019894 0.062190
0 0.327520 0.880802 0.034414 0.072076
0 0.302515 0.628182 0.025276 0.105306
