0 0.877467 0.695353 0.047252 0.155767
0 0.493966 0.648901 0.031726 0.120571
0 0.890162 0.695619 0.073386 0.154197
0 0.416194 0.613999 0.016083 0.068301
0 0.436929 0.620248 0.018828 0.077090
0 0.649058 0.643214 0.015845 0.068814
0 0.233713 0.567082 0.011329 0.050302
0 0.468282 0.627120 0.013683 0.065781
0 0.538456 0.620628 0.010543 0.059373
0 0.558159 0.632654 0.011975 0.070546
0 0.206463 0.564720 0.013047 0.049647
0 0.558347 0.621995 0.010493 0.047429
0 0.080624 0.538675 0.031006 0.102060
0 0.220697 0.565688 0.012869 0.050340
0 0.514196 0.649749 0.022429 0.106357
0 0.648298 0.632230 0.015059 0.056680
