0 0.636881 0.777432 0.042587 0.144024
0 0.675543 0.701038 0.038249 0.145099
0 0.602637 0.718886 0.042035 0.204744
0 0.649621 0.635521 0.028179 0.153156
0 0.379391 0.675649 0.036387 0.131493
0 0.506433 0.543971 0.022721 0.132944
0 0.157723 0.680086 0.045864 0.104833
0 0.745628 0.526336 0.024703 0.094246
0 0.874863 0.526823 0.030299 0.097553
0 0.325618 0.744134 0.025120 0.130436
0 0.269176 0.762913 0.045970 0.130961
0 0.754197 0.719366 0.043193 0.148898
0 0.584333 0.337766 0.018555 0.064507
0 0.536861 0.521132 0.033937 0.135855
0 0.734388 0.720680 0.082240 0.153814
0 0.596890 0.525982 0.018208 0.091113
0 0.654474 0.531828 0.015445 0.069884
0 0.273642 0.559634 0.025287 0.101453
0 0.682680 0.630635 0.023254 0.070090
0 0.614307 0.603844 0.028039 0.054490
0 0.301036 0.551058 0.027183 0.094959
0 0.345453 0.540997 0.025214 0.113370
0 0.009004 0.867824 0.017932 0.070604
0 0.237822 0.744669 0.029043 0.099808
0 0.234733 0.543378 0.028778 0.090102
0 0.427880 0.534757 0.021872 0.117600
0 0.240247 0.755856 0.033460 0.121225
0 0.456872 0.541692 0.018380 0.110687
0 0.085391 0.971755 0.067682 0.055261
0 0.741253 0.536535 0.033847 0.113946
0 0.324298 0.725451 0.022270 0.093087
0 0.106435 0.673464 0.040690 0.102214
0 0.465402 0.543965 0.022256 0.110841
0 0.401561 0.539785 0.021581 0.119617
0 0.147478 0.561220 0.028563 0.084387
