0 0.599167 0.865523 0.125583 0.261524
0 0.556482 0.566395 0.087354 0.121624
0 0.217715 0.772421 0.194364 0.285653
0 0.232797 0.386414 0.058103 0.059032
0 0.887105 0.573985 0.072166 0.061766
0 0.868603 0.553208 0.108777 0.102824
0 0.652359 0.529477 0.092774 0.102228
0 0.873847 0.455767 0.082365 0.068350
0 0.193787 0.717409 0.112312 0.203252
0 0.504937 0.380779 0.020275 0.055767
0 0.254920 0.776277 0.121751 0.273775
0 0.689345 0.505217 0.068409 0.105422
0 0.835927 0.663513 0.106986 0.140025
0 0.682001 0.496242 0.052859 0.091285
0 0.887038 0.722851 0.037841 0.109195
0 0.931713 0.437007 0.068518 0.051781
0 0.712170 0.518930 0.025721 0.077081
0 0.632840 0.511176 0.053581 0.066579
0 0.233455 0.836212 0.063062 0.146977
0 0.894853 0.740947 0.053015 0.145585
0 0.703506 0.517383 0.041062 0.077770
0 0.951147 0.444084 0.028033 0.035102
0 0.845332 0.701143 0.100330 0.098644
0 0.917950 0.581364 0.019923 0.046904
0 0.852505 0.684564 0.137540 0.181761
