0 0.814557 0.483859 0.028944 0.073126
0 0.643037 0.317682 0.015445 0.077069
0 0.313623 0.240547 0.013567 0.064607
0 0.295192 0.250659 0.016724 0.062911
0 0.720867 0.280166 0.013992 0.064659
0 0.578946 0.290299 0.011651 0.063920
0 0.414455 0.217247 0.010138 0.051758
0 0.307241 0.143484 0.009901 0.037942
0 0.519752 0.267168 0.016164 0.091290
0 0.605806 0.301773 0.013462 0.060074
0 0.643949 0.228704 0.011752 0.050528
0 0.694502 0.248500 0.014116 0.065605
0 0.659130 0.255528 0.011959 0.072009
0 0.400067 0.227640 0.014188 0.062713
0 0.677395 0.257132 0.012293 0.051779
0 0.718956 0.287467 0.015514 0.072699
0 0.610436 0.296008 0.013517 0.066545
0 0.483099 0.250696 0.015985 0.063998
0 0.484453 0.241180 0.016356 0.089904
0 0.381365 0.141604 0.008157 0.037565
0 0.436097 0.210205 0.008970 0.044215
0 0.693752 0.267465 0.014868 0.073540
0 0.155027 0.231317 0.013636 0.038666
0 0.484939 0.203711 0.014289 0.052604
