0 0.631049 0.853486 0.114343 0.291404
0 0.531096 0.458813 0.027021 0.084486
0 0.800788 0.663883 0.145037 0.186343
0 0.689258 0.401295 0.047974 0.055366
0 0.763427 0.728948 0.129534 0.186500
0 0.184688 0.472299 0.070718 0.081389
0 0.604703 0.406414 0.031242 0.057617
0 0.453563 0.336410 0.029220 0.038934
0 0.773196 0.745735 0.100719 0.156968
0 0.449268 0.336512 0.020965 0.037727
0 0.616507 0.418571 0.015336 0.035525
0 0.860129 0.716884 0.034220 0.126714
0 0.608151 0.410384 0.041652 0.060943
0 0.771550 0.781612 0.131845 0.285751
0 0.761203 0.385924 0.044859 0.034980
0 0.817966 0.843571 0.039380 0.151904
0 0.598259 0.403141 0.018407 0.049389
0 0.772968 0.390438 0.020720 0.027714
