0 0.165311 0.806325 0.055976 0.116415
0 0.407457 0.697164 0.045871 0.149631
0 0.551688 0.593476 0.027865 0.146414
0 0.981686 0.408289 0.019040 0.062625
0 0.680919 0.578311 0.022096 0.124930
0 0.708040 0.475985 0.021005 0.089826
0 0.393374 0.594041 0.036316 0.121032
0 0.673244 0.475926 0.019756 0.088122
0 0.726967 0.487011 0.017639 0.064390
0 0.346154 0.604687 0.054913 0.130539
0 0.871807 0.393878 0.023051 0.081366
0 0.506454 0.601558 0.030561 0.131958
0 0.385299 0.526631 0.011926 0.071815
0 0.768560 0.440599 0.018891 0.086979
0 0.307972 0.406302 0.016438 0.080472
0 0.292287 0.411724 0.014815 0.082199
0 0.602117 0.439616 0.017954 0.081999
0 0.529091 0.523897 0.025096 0.098317
0 0.520596 0.445711 0.017302 0.087856
0 0.316621 0.544921 0.022216 0.082854
0 0.102075 0.311176 0.019045 0.062175
0 0.467704 0.539864 0.025258 0.125726
0 0.439950 0.526471 0.017617 0.105731
0 0.175786 0.413684 0.017501 0.062726
0 0.489718 0.541600 0.024475 0.109802
0 0.445375 0.407338 0.014203 0.079218
0 0.353054 0.605002 0.031428 0.129371
0 0.334466 0.418822 0.015310 0.059619
0 0.625723 0.436946 0.025602 0.086732
0 0.080932 0.273648 0.011657 0.026991
0 0.908716 0.427690 0.020831 0.072385
0 0.427792 0.408555 0.013338 0.062304
0 0.853692 0.366528 0.019958 0.088499
0 0.925249 0.395536 0.022393 0.091628
0 0.625771 0.447706 0.023628 0.066939
