0 0.157434 0.856700 0.041346 0.180455
0 0.409049 0.735007 0.042914 0.168145
0 0.557457 0.593698 0.031140 0.133598
0 0.395542 0.619454 0.048228 0.148798
0 0.681734 0.577775 0.020828 0.121769
0 0.304002 0.553149 0.018857 0.083678
0 0.103048 0.309002 0.018197 0.068366
0 0.351155 0.622337 0.039875 0.136355
0 0.493290 0.599780 0.029968 0.116522
0 0.980809 0.407854 0.018583 0.061869
0 0.365696 0.528370 0.015214 0.077913
0 0.607700 0.438239 0.019337 0.083606
0 0.726826 0.484415 0.016536 0.061005
0 0.434942 0.529436 0.019259 0.104020
0 0.676530 0.476614 0.019348 0.090949
0 0.880947 0.391443 0.017326 0.079208
0 0.173618 0.413295 0.022119 0.062917
0 0.332573 0.420527 0.014310 0.059872
0 0.309528 0.406121 0.016373 0.077635
0 0.521057 0.533660 0.021816 0.091349
0 0.760083 0.437660 0.017160 0.090477
0 0.922286 0.397534 0.023438 0.094083
0 0.700011 0.472850 0.017907 0.084426
0 0.294003 0.410475 0.014481 0.080174
0 0.520438 0.447753 0.016943 0.088244
