0 0.047992 0.559172 0.075772 0.261703
0 0.571644 0.632111 0.092002 0.142499
0 0.969309 0.552720 0.060065 0.279799
0 0.052947 0.816844 0.105423 0.203929
0 0.434286 0.614286 0.050857 0.136121
0 0.195919 0.515877 0.052190 0.194496
0 0.239242 0.523293 0.039595 0.220355
0 0.281466 0.520682 0.050415 0.199038
0 0.304704 0.588129 0.052375 0.140609
0 0.907905 0.864687 0.181656 0.262698
0 0.333770 0.481433 0.028627 0.116873
0 0.012498 0.540074 0.024996 0.197417
0 0.889460 0.843589 0.140466 0.218405
0 0.084165 0.527332 0.034688 0.190731
0 0.311473 0.495260 0.031717 0.118336
0 0.740402 0.486119 0.027689 0.158464
0 0.577829 0.471095 0.024695 0.106514
0 0.556984 0.475697 0.024088 0.096127
0 0.660701 0.497188 0.032224 0.139224
0 0.154433 0.510302 0.033106 0.171544
0 0.396908 0.480847 0.024214 0.100180
0 0.124446 0.528491 0.043604 0.170770
0 0.886816 0.518077 0.042700 0.205731
