0 0.430563 0.627285 0.028336 0.099548
0 0.201927 0.516661 0.023684 0.095350
0 0.543988 0.702150 0.030420 0.145168
0 0.272799 0.420532 0.018011 0.080245
0 0.315080 0.397950 0.022191 0.091273
0 0.075769 0.567295 0.030964 0.095091
0 0.464099 0.373109 0.018068 0.086764
0 0.436831 0.377158 0.015897 0.082622
0 0.501083 0.368291 0.019803 0.094176
0 0.745940 0.376416 0.016741 0.069590
0 0.643002 0.500635 0.024446 0.105254
0 0.266448 0.643087 0.043680 0.139413
0 0.364609 0.361972 0.015777 0.080088
0 0.422254 0.395672 0.019725 0.093284
0 0.484446 0.367773 0.015361 0.089588
0 0.286794 0.418366 0.015736 0.079306
0 0.400429 0.381910 0.018424 0.095442
0 0.334192 0.339575 0.013476 0.074423
0 0.134049 0.300375 0.015683 0.054038
0 0.992296 0.874267 0.014852 0.094148
0 0.639790 0.304762 0.011185 0.053920
0 0.169086 0.463398 0.018306 0.040180
0 0.731314 0.361009 0.012685 0.066628
0 0.706874 0.359236 0.015679 0.053947
0 0.651585 0.400122 0.016754 0.063588
0 0.314642 0.328829 0.015567 0.044120
0 0.554827 0.407055 0.020692 0.112663
0 0.674090 0.418718 0.014060 0.081633
0 0.236977 0.522661 0.029323 0.112802
0 0.778667 0.408419 0.015567 0.052917
0 0.138181 0.300449 0.021433 0.053384
0 0.570561 0.287837 0.009957 0.048037
0 0.044893 0.556271 0.018609 0.039492
0 0.982627 0.871840 0.033626 0.098872
0 0.989271 0.872268 0.020864 0.098434
0 0.585344 0.261715 0.010982 0.052161
0 0.543154 0.378163 0.013022 0.075818
0 0.391103 0.198529 0.010399 0.050678
0 0.557785 0.370707 0.014184 0.075709
0 0.698606 0.432726 0.018302 0.071707
0 0.142324 0.304490 0.013327 0.045348
