0 0.532441 0.588523 0.041295 0.082140
0 0.431745 0.684339 0.035748 0.106285
0 0.738773 0.487566 0.023850 0.085399
0 0.471544 0.503165 0.026624 0.086312
0 0.119165 0.337640 0.012413 0.045439
0 0.629846 0.397963 0.019200 0.091862
0 0.389367 0.463004 0.025254 0.095369
0 0.953156 0.347376 0.016019 0.062950
0 0.247358 0.718462 0.094716 0.086672
0 0.406957 0.425647 0.022426 0.078229
0 0.879832 0.335426 0.013869 0.056792
0 0.456738 0.377312 0.013684 0.064366
0 0.856019 0.340916 0.011546 0.049772
0 0.895513 0.339894 0.015014 0.055394
0 0.931602 0.374561 0.015868 0.066882
0 0.093849 0.288386 0.009754 0.037237
0 0.426800 0.557274 0.034150 0.066778
0 0.658234 0.374927 0.014121 0.048887
0 0.585603 0.361701 0.014051 0.059467
0 0.516515 0.398328 0.013588 0.057732
0 0.048343 0.296556 0.016743 0.087047
0 0.069617 0.284646 0.012431 0.045337
0 0.501757 0.389586 0.015902 0.064370
0 0.413996 0.558483 0.056407 0.067622
0 0.358860 0.385953 0.010104 0.044726
0 0.044472 0.282998 0.018515 0.059402
0 0.487785 0.384914 0.015338 0.064574
0 0.530106 0.330065 0.012057 0.063028
0 0.273760 0.708250 0.044710 0.066172
0 0.394824 0.341162 0.008285 0.044062
0 0.618875 0.368564 0.011418 0.050779
0 0.557372 0.333298 0.012389 0.065151
0 0.379461 0.332736 0.010341 0.057189
0 0.317210 0.256165 0.009052 0.037049
