0 0.425442 0.672251 0.042747 0.124836
0 0.750895 0.464351 0.026046 0.084213
0 0.525957 0.565128 0.052171 0.086196
0 0.207018 0.742036 0.037753 0.075350
0 0.482525 0.473382 0.025645 0.081067
0 0.032857 0.295274 0.021113 0.094682
0 0.389221 0.448448 0.026862 0.105141
0 0.129540 0.337057 0.014451 0.047111
0 0.449262 0.542273 0.044745 0.076082
0 0.859882 0.342247 0.012915 0.052361
0 0.871228 0.394694 0.017215 0.056332
0 0.659371 0.380262 0.012734 0.045447
0 0.881896 0.338232 0.011662 0.060534
0 0.058842 0.284203 0.016228 0.047418
0 0.485055 0.393527 0.012932 0.067094
0 0.082488 0.286592 0.013614 0.044017
0 0.814259 0.336704 0.015644 0.072696
0 0.368312 0.390960 0.011831 0.048613
0 0.895839 0.340620 0.015564 0.055816
0 0.956093 0.345136 0.012885 0.058824
0 0.531111 0.332817 0.011886 0.059840
0 0.954664 0.350821 0.013768 0.052567
