0 0.139162 0.765329 0.053240 0.098996
0 0.400805 0.670545 0.042319 0.127170
0 0.756625 0.463674 0.023819 0.096757
0 0.518200 0.566892 0.034542 0.090222
0 0.385768 0.458916 0.023610 0.108238
0 0.020491 0.298994 0.017802 0.092582
0 0.482954 0.470864 0.023002 0.093639
0 0.137798 0.337720 0.013898 0.052599
0 0.045121 0.287693 0.015170 0.052473
0 0.627508 0.417920 0.017529 0.082317
0 0.659226 0.382771 0.012393 0.049029
0 0.815729 0.338062 0.014091 0.073122
0 0.069616 0.288529 0.015106 0.045281
0 0.508117 0.410698 0.015425 0.070187
0 0.180241 0.274659 0.019547 0.058835
0 0.451496 0.539344 0.030657 0.078162
0 0.865402 0.346194 0.010640 0.050767
0 0.904040 0.341594 0.011854 0.053478
0 0.888413 0.342922 0.012613 0.056291
0 0.619070 0.376106 0.012341 0.060013
0 0.528750 0.336579 0.010788 0.063860
0 0.053299 0.286630 0.023422 0.051578
0 0.184026 0.260850 0.018140 0.084364
0 0.450869 0.363317 0.016586 0.083097
0 0.341994 0.394135 0.009024 0.052628
0 0.018111 0.297258 0.023726 0.101102
0 0.496122 0.404089 0.015438 0.075689
0 0.366578 0.339032 0.010976 0.056367
