0 0.783033 0.879474 0.063560 0.131556
0 0.171879 0.359101 0.036147 0.102155
0 0.369003 0.195220 0.011225 0.032080
0 0.787193 0.258495 0.009393 0.030487
0 0.221976 0.232250 0.010236 0.024318
0 0.331660 0.081840 0.011475 0.035169
0 0.304290 0.190780 0.012572 0.030591
0 0.481049 0.140613 0.014538 0.018666
0 0.191403 0.383638 0.029326 0.051729
0 0.224512 0.233896 0.016025 0.027425
0 0.179351 0.230525 0.010764 0.020159
0 0.632983 0.134047 0.007373 0.015393
0 0.839542 0.278811 0.012300 0.027681
0 0.836471 0.276119 0.016178 0.024921
0 0.332081 0.190582 0.016456 0.027730
