0 0.529116 0.537780 0.027483 0.056571
0 0.471943 0.577617 0.037418 0.067281
0 0.711804 0.475664 0.026584 0.058433
0 0.204631 0.315043 0.009891 0.036436
0 0.823292 0.387164 0.014925 0.058406
0 0.420788 0.442981 0.024073 0.059087
0 0.479508 0.350458 0.009985 0.049591
0 0.543616 0.324801 0.012289 0.046486
0 0.758036 0.375058 0.012912 0.049961
0 0.819895 0.320574 0.010683 0.045753
0 0.956949 0.321615 0.012228 0.043597
0 0.158290 0.298610 0.014921 0.050529
0 0.781921 0.317026 0.010194 0.044161
0 0.404650 0.314498 0.010990 0.048245
0 0.762095 0.314841 0.010141 0.051090
0 0.461753 0.312944 0.012723 0.049450
0 0.980714 0.324048 0.012581 0.048236
0 0.418559 0.316914 0.015487 0.048538
0 0.872966 0.328035 0.010236 0.045710
0 0.516540 0.361321 0.016073 0.056326
0 0.417021 0.350636 0.014085 0.039547
0 0.459467 0.315364 0.012202 0.048503
0 0.418251 0.333388 0.016231 0.077434
0 0.633466 0.346098 0.009026 0.038335
0 0.942280 0.309510 0.012139 0.044158
0 0.478059 0.465120 0.029975 0.046219
0 0.644779 0.345796 0.010453 0.051093
0 0.613738 0.370534 0.010464 0.047786
0 0.410898 0.534758 0.027734 0.029042
0 0.832495 0.319615 0.009269 0.044905
0 0.851654 0.343040 0.011770 0.051926
