0 0.953513 0.851104 0.092287 0.175193
0 0.599050 0.732456 0.100013 0.191231
0 0.515537 0.429747 0.044111 0.074125
0 0.718331 0.656972 0.105942 0.143234
0 0.759389 0.601632 0.118990 0.150692
0 0.727336 0.669508 0.086985 0.122803
0 0.200420 0.447868 0.058172 0.075719
0 0.786160 0.624108 0.065449 0.103823
0 0.963615 0.665569 0.071778 0.100400
0 0.804888 0.638530 0.032609 0.088977
0 0.749057 0.588549 0.097987 0.125678
0 0.970176 0.541819 0.058564 0.042320
0 0.958078 0.517056 0.083490 0.094164
0 0.699221 0.617823 0.032456 0.067725
0 0.672812 0.387961 0.048302 0.041570
0 0.986602 0.477627 0.026434 0.027815
0 0.781743 0.609468 0.054116 0.079027
0 0.722528 0.294615 0.030944 0.025649
0 0.774344 0.603806 0.041071 0.066768
