0 0.544579 0.612866 0.034659 0.068983
0 0.472485 0.656545 0.045906 0.064972
0 0.426500 0.594455 0.024507 0.065829
0 0.722569 0.530902 0.022623 0.074108
0 0.442208 0.497556 0.025812 0.077231
0 0.480286 0.511326 0.044371 0.060061
0 0.415192 0.493376 0.023447 0.075369
0 0.203440 0.319993 0.009080 0.035895
0 0.485929 0.513529 0.034136 0.054779
0 0.158194 0.294932 0.012904 0.062259
0 0.444373 0.347258 0.012604 0.053437
0 0.818182 0.324581 0.010876 0.044644
0 0.419044 0.333167 0.015654 0.080478
0 0.635067 0.346372 0.010096 0.037323
0 0.659511 0.343790 0.013333 0.049895
0 0.831968 0.325270 0.009766 0.046276
0 0.459767 0.331518 0.013575 0.072089
0 0.866314 0.328700 0.010427 0.038756
0 0.160873 0.295003 0.014163 0.064426
0 0.759086 0.377033 0.015326 0.054594
0 0.496340 0.356331 0.010579 0.055031
0 0.611970 0.367012 0.014095 0.061855
0 0.759611 0.323601 0.012007 0.053567
0 0.780068 0.322648 0.008887 0.043623
0 0.945763 0.323854 0.013350 0.055027
0 0.558565 0.320091 0.012572 0.044933
0 0.405273 0.318507 0.012153 0.049678
0 0.848889 0.396604 0.013117 0.059735
0 0.976893 0.327996 0.018172 0.046836
0 0.723984 0.534588 0.022362 0.056854
