0 0.903640 0.689400 0.026694 0.057128
0 0.596041 0.772403 0.016787 0.054488
0 0.545204 0.593247 0.012640 0.040231
0 0.657804 0.508528 0.015520 0.038259
0 0.501986 0.689052 0.017992 0.068173
0 0.256902 0.228333 0.016183 0.042085
0 0.479920 0.697380 0.012902 0.054962
0 0.489155 0.732644 0.019836 0.051766
0 0.350836 0.535204 0.014181 0.045032
0 0.394987 0.764642 0.017177 0.037325
0 0.349178 0.545282 0.016634 0.059774
0 0.709839 0.316165 0.013824 0.053433
0 0.853166 0.488676 0.019546 0.042000
0 0.453074 0.537681 0.013945 0.048343
0 0.367301 0.556945 0.020065 0.038456
0 0.655382 0.521822 0.020210 0.066519
0 0.278256 0.224828 0.019903 0.043062
0 0.487385 0.725355 0.023073 0.067013
0 0.512897 0.617325 0.016578 0.075303
