0 0.690938 0.800802 0.066632 0.199850
0 0.330731 0.775583 0.088459 0.244794
0 0.804369 0.710740 0.074719 0.220369
0 0.316989 0.302707 0.040024 0.112605
0 0.842141 0.421673 0.038702 0.173204
0 0.300301 0.891505 0.101479 0.212553
0 0.156948 0.285176 0.022420 0.104982
0 0.627154 0.735407 0.054165 0.262496
0 0.432885 0.335710 0.028916 0.134747
0 0.187565 0.251413 0.018024 0.067740
0 0.080403 0.330813 0.039611 0.139501
0 0.470354 0.367143 0.037730 0.190204
0 0.154331 0.297276 0.025117 0.129550
0 0.511934 0.838691 0.048505 0.215190
0 0.450857 0.692832 0.049578 0.287248
0 0.414665 0.195619 0.020247 0.097210
0 0.272035 0.196906 0.019119 0.082111
0 0.560095 0.384415 0.030070 0.199422
0 0.770819 0.392878 0.030031 0.125265
0 0.072212 0.251752 0.020482 0.073950
0 0.666703 0.352657 0.020751 0.122768
0 0.188952 0.154032 0.015207 0.057848
0 0.466716 0.862428 0.068734 0.269754
0 0.815217 0.222052 0.016670 0.064888
0 0.497880 0.279002 0.019016 0.130065
0 0.636629 0.328429 0.025806 0.143861
0 0.765221 0.320774 0.044074 0.079792
0 0.705463 0.283160 0.023534 0.106286
0 0.520761 0.306530 0.018997 0.123449
0 0.342652 0.126895 0.012873 0.062356
0 0.464394 0.800839 0.072265 0.395872
0 0.589164 0.304780 0.024623 0.124633
0 0.154423 0.154532 0.012309 0.056844
