0 0.718926 0.348222 0.546685 0.594887
0 0.860266 0.385381 0.018018 0.066655
0 0.041327 0.386386 0.024147 0.085025
0 0.988186 0.385436 0.018933 0.075442
0 0.350026 0.374750 0.027451 0.088245
0 0.380725 0.381008 0.020283 0.078069
0 0.964537 0.382770 0.014772 0.069244
0 0.205530 0.373319 0.018697 0.075115
0 0.326407 0.376757 0.023463 0.079573
0 0.173338 0.373372 0.019602 0.073326
0 0.189719 0.374020 0.018223 0.073917
0 0.228638 0.374958 0.023660 0.076047
0 0.407471 0.372939 0.020968 0.079326
0 0.948246 0.379634 0.017659 0.070682
0 0.774884 0.366489 0.019854 0.095922
0 0.931065 0.381926 0.018474 0.061735
0 0.449973 0.381383 0.020243 0.062304
0 0.428399 0.375654 0.018732 0.075265
0 0.258441 0.374109 0.018676 0.074131
0 0.082324 0.394928 0.023471 0.068360
0 0.934496 0.382064 0.015799 0.063777
