0 0.721613 0.518210 0.026339 0.067561
0 0.533820 0.588234 0.028717 0.063554
0 0.471888 0.640497 0.042786 0.067083
0 0.204982 0.317616 0.009211 0.037302
0 0.421362 0.481249 0.014433 0.072193
0 0.420328 0.568614 0.036292 0.063155
0 0.436636 0.486370 0.017474 0.077770
0 0.484309 0.494780 0.030060 0.064161
0 0.655846 0.346173 0.012296 0.048786
0 0.976548 0.326456 0.014883 0.046419
0 0.955467 0.324524 0.010706 0.050083
0 0.534409 0.329995 0.011414 0.048989
0 0.444460 0.349907 0.012437 0.049941
0 0.634275 0.346193 0.009218 0.038101
0 0.753866 0.383123 0.009738 0.040883
0 0.467653 0.348820 0.010531 0.047893
0 0.942284 0.317586 0.014240 0.058837
0 0.867296 0.327707 0.009072 0.040611
0 0.754875 0.377267 0.012417 0.052996
0 0.831631 0.324394 0.008551 0.044234
0 0.613921 0.361628 0.012186 0.068699
0 0.159107 0.296062 0.015457 0.056272
0 0.818646 0.323466 0.010146 0.045433
0 0.456771 0.318619 0.011468 0.047155
0 0.613041 0.370110 0.012166 0.052639
0 0.492170 0.496545 0.016352 0.061160
0 0.848964 0.396585 0.012367 0.057806
0 0.614794 0.347547 0.011829 0.060699
