0 0.314829 0.900136 0.032269 0.112199
0 0.943610 0.533960 0.018483 0.060799
0 0.677258 0.658960 0.016080 0.062871
0 0.639786 0.818656 0.022423 0.093568
0 0.569970 0.616358 0.013629 0.069243
0 0.884384 0.510092 0.018066 0.079873
0 0.502380 0.707695 0.018126 0.080589
0 0.313239 0.561535 0.016053 0.074347
0 0.609680 0.624372 0.019059 0.084472
0 0.988159 0.532695 0.022167 0.065759
0 0.217024 0.479479 0.014900 0.062384
0 0.972433 0.523331 0.020226 0.068659
0 0.440810 0.560141 0.014714 0.070367
0 0.626390 0.479507 0.019294 0.072146
0 0.627940 0.635400 0.015893 0.079932
0 0.443266 0.663549 0.019681 0.093848
0 0.331384 0.574017 0.013219 0.056641
0 0.240416 0.353875 0.011640 0.047924
0 0.970319 0.526009 0.016096 0.058531
0 0.260457 0.354980 0.014239 0.045339
0 0.486034 0.753082 0.022191 0.080805
0 0.150915 0.561867 0.018362 0.052153
0 0.494407 0.569870 0.017712 0.063406
0 0.149167 0.557421 0.014742 0.043974
0 0.480158 0.535216 0.011239 0.063635
0 0.197463 0.476935 0.012910 0.057950
0 0.298871 0.569382 0.011893 0.071730
0 0.648437 0.642491 0.015320 0.059775
0 0.492919 0.632667 0.018812 0.064380
0 0.154193 0.564941 0.024567 0.056168
0 0.518407 0.564645 0.019357 0.129585
0 0.519770 0.537108 0.014812 0.070763
0 0.545142 0.625076 0.016499 0.062633
0 0.461338 0.610872 0.031124 0.078364
