0 0.524848 0.566653 0.028567 0.067291
0 0.468640 0.611400 0.035117 0.061965
0 0.720475 0.486363 0.026261 0.056693
0 0.204858 0.316275 0.009295 0.038678
0 0.417968 0.333694 0.016485 0.083219
0 0.417216 0.562033 0.034861 0.033264
0 0.539875 0.327328 0.010550 0.048110
0 0.754850 0.376122 0.011570 0.051066
0 0.633905 0.346648 0.009210 0.036499
0 0.421406 0.454642 0.019702 0.038081
0 0.446108 0.352247 0.012631 0.048617
0 0.613189 0.371627 0.011272 0.050032
0 0.255654 0.266835 0.011238 0.044181
0 0.650981 0.347769 0.012124 0.051307
0 0.404838 0.315895 0.010537 0.048717
0 0.941208 0.309873 0.011637 0.045342
0 0.835970 0.395376 0.014242 0.055560
0 0.161705 0.294582 0.013968 0.061414
0 0.972826 0.324531 0.015790 0.046852
0 0.613503 0.363059 0.012287 0.071006
0 0.512723 0.362541 0.017618 0.058740
0 0.457627 0.314546 0.014328 0.051827
0 0.830134 0.323792 0.008321 0.044506
0 0.868791 0.328462 0.010460 0.042947
0 0.953110 0.323443 0.012588 0.048620
0 0.157428 0.291278 0.016432 0.061230
0 0.613886 0.345599 0.011764 0.060277
0 0.167720 0.290424 0.010938 0.062582
0 0.475950 0.350287 0.011673 0.048486
0 0.819139 0.323873 0.010016 0.044657
0 0.760981 0.313511 0.008018 0.044423
0 0.168811 0.283573 0.010050 0.050321
0 0.516297 0.363829 0.014052 0.054711
