0 0.145008 0.844545 0.048393 0.165129
0 0.399184 0.752000 0.050559 0.163869
0 0.370285 0.626374 0.060467 0.133391
0 0.560617 0.572185 0.025078 0.124636
0 0.690875 0.546031 0.025598 0.116906
0 0.408905 0.614672 0.043026 0.142993
0 0.173472 0.396798 0.016281 0.060861
0 0.340319 0.502409 0.017255 0.072763
0 0.421663 0.462704 0.022436 0.112591
0 0.447327 0.567302 0.028390 0.120923
0 0.342386 0.414357 0.015639 0.055553
0 0.117299 0.303952 0.014908 0.066082
0 0.504982 0.554365 0.028171 0.136295
0 0.691556 0.449271 0.017133 0.082917
0 0.718101 0.469486 0.015825 0.063148
0 0.668505 0.460507 0.015461 0.090557
0 0.305191 0.396167 0.013973 0.077324
0 0.598875 0.425374 0.020558 0.080396
0 0.318018 0.390246 0.016408 0.079482
0 0.309893 0.551844 0.017092 0.040099
0 0.992076 0.387838 0.015176 0.068483
0 0.991392 0.429774 0.016570 0.155918
0 0.497923 0.546523 0.026002 0.141517
0 0.433246 0.498369 0.019498 0.089836
0 0.478199 0.497180 0.017687 0.102606
0 0.517888 0.526722 0.019416 0.098628
0 0.968577 0.395483 0.013128 0.059231
0 0.989582 0.465911 0.020177 0.082839
0 0.523806 0.424842 0.016161 0.100236
0 0.094038 0.267832 0.010553 0.028544
0 0.494550 0.514968 0.024563 0.097722
