0 0.587136 0.050422 0.032460 0.096475
0 0.692333 0.100012 0.030400 0.158552
0 0.921246 0.118168 0.038019 0.120596
0 0.867038 0.106870 0.033276 0.142376
0 0.648109 0.047826 0.026598 0.092928
0 0.714878 0.088084 0.025992 0.168705
0 0.821162 0.135663 0.032661 0.174931
0 0.297214 0.128461 0.035870 0.173079
0 0.714734 0.062608 0.024288 0.120571
0 0.514788 0.047597 0.034965 0.092287
0 0.447282 0.100287 0.042076 0.191109
0 0.058922 0.120416 0.025361 0.086411
0 0.892685 0.046838 0.022864 0.093675
0 0.012628 0.227781 0.025256 0.137787
0 0.101429 0.107814 0.024526 0.084625
0 0.388413 0.102757 0.034608 0.155252
0 0.933998 0.041149 0.019960 0.077731
0 0.987952 0.147321 0.022287 0.090996
0 0.122927 0.119472 0.024905 0.110687
0 0.412963 0.050776 0.031915 0.098094
0 0.758658 0.067055 0.038187 0.130449
0 0.023141 0.180154 0.021142 0.070772
0 0.242921 0.033426 0.023862 0.065043
0 0.313106 0.046603 0.024960 0.091481
0 0.755268 0.082076 0.040323 0.149106
0 0.370555 0.053107 0.023672 0.103808
