0 0.240135 0.754780 0.046934 0.147919
0 0.662327 0.590237 0.021974 0.133502
0 0.582321 0.526205 0.029335 0.123850
0 0.979985 0.414512 0.018233 0.065200
0 0.502343 0.529544 0.024840 0.126382
0 0.391467 0.476519 0.025179 0.102006
0 0.182997 0.422155 0.013318 0.063704
0 0.725190 0.495175 0.019014 0.066506
0 0.959738 0.353461 0.016399 0.059270
0 0.657630 0.470499 0.017743 0.086294
0 0.307834 0.413152 0.017651 0.083451
0 0.293391 0.419810 0.014143 0.078890
0 0.702343 0.458453 0.022479 0.090341
0 0.327950 0.431103 0.014274 0.061658
0 0.438896 0.524124 0.025479 0.117136
0 0.416526 0.475573 0.029412 0.105001
0 0.464002 0.529249 0.031224 0.138835
0 0.919176 0.399707 0.020548 0.091460
0 0.080620 0.280229 0.017176 0.031973
0 0.765925 0.494208 0.020398 0.079928
0 0.407538 0.557021 0.039810 0.095256
0 0.556605 0.450676 0.018891 0.079180
0 0.505223 0.433840 0.017257 0.084189
0 0.254313 0.287775 0.013656 0.044352
0 0.445081 0.415963 0.014804 0.080759
0 0.541987 0.474068 0.021107 0.087767
0 0.415613 0.510576 0.031864 0.172688
0 0.236777 0.283123 0.011868 0.051823
0 0.591684 0.393823 0.015332 0.070603
0 0.460434 0.453945 0.015947 0.055972
