0 0.906301 0.409247 0.019259 0.045414
0 0.413078 0.297237 0.021070 0.032068
0 0.328934 0.280527 0.010568 0.042182
0 0.027761 0.671966 0.032019 0.081990
0 0.490824 0.176644 0.017741 0.029100
0 0.163125 0.305503 0.016005 0.037216
0 0.264512 0.263639 0.027906 0.043220
0 0.863496 0.302848 0.013263 0.028599
0 0.441817 0.191109 0.011805 0.025955
0 0.063037 0.512280 0.026136 0.079546
0 0.294172 0.270631 0.021216 0.044023
0 0.455721 0.192684 0.011931 0.023502
0 0.952868 0.429666 0.011473 0.023719
0 0.831468 0.266710 0.011106 0.029861
0 0.114137 0.302416 0.018801 0.024764
0 0.041607 0.626731 0.018319 0.092383
0 0.022953 0.666551 0.023735 0.080252
0 0.041510 0.603705 0.017702 0.045272
0 0.894062 0.301062 0.011594 0.027194
0 0.694405 0.182658 0.009545 0.022349
0 0.044342 0.651296 0.015896 0.070628
0 0.567289 0.163383 0.012471 0.022016
0 0.813177 0.264407 0.011420 0.030069
0 0.636481 0.167035 0.015199 0.022399
0 0.912260 0.410494 0.032173 0.049045
