0 0.240135 0.767059 0.041120 0.142668
0 0.584243 0.535504 0.029633 0.124127
0 0.661067 0.603667 0.021917 0.129632
0 0.502496 0.542909 0.024039 0.127526
0 0.722007 0.507371 0.018334 0.067821
0 0.916536 0.406731 0.020464 0.092326
0 0.979033 0.423074 0.019467 0.062320
0 0.657150 0.486337 0.016664 0.086484
0 0.309785 0.425565 0.017177 0.081424
0 0.183552 0.430248 0.014921 0.060080
0 0.594203 0.406662 0.016896 0.080732
0 0.293052 0.429982 0.013757 0.079345
0 0.696761 0.471497 0.021830 0.083016
0 0.328197 0.439879 0.015859 0.061975
0 0.410266 0.579240 0.018165 0.080014
0 0.424485 0.483775 0.028262 0.101965
0 0.438103 0.527398 0.025572 0.112380
0 0.763968 0.502666 0.017087 0.090708
0 0.394796 0.577766 0.016679 0.082695
0 0.556134 0.459183 0.018335 0.084614
0 0.476173 0.533975 0.026203 0.118368
0 0.504625 0.437086 0.014868 0.073372
0 0.444814 0.429772 0.015538 0.089195
0 0.400622 0.478338 0.021413 0.090988
0 0.458653 0.536162 0.027494 0.120826
0 0.531315 0.485431 0.021504 0.088387
0 0.966838 0.361310 0.015461 0.057632
0 0.254915 0.294369 0.013191 0.046577
0 0.486481 0.412656 0.011654 0.072332
0 0.234238 0.290893 0.012336 0.052158
