0 0.381427 0.735940 0.472946 0.513176
0 0.756277 0.781317 0.307140 0.428096
0 0.782942 0.336540 0.099223 0.168628
0 0.392710 0.190407 0.091911 0.253786
0 0.206234 0.313947 0.116699 0.237539
0 0.052968 0.708836 0.105314 0.234924
0 0.134205 0.665935 0.087840 0.210984
0 0.676026 0.126936 0.029129 0.123682
0 0.281220 0.133819 0.059879 0.265791
0 0.721736 0.130246 0.027202 0.116668
0 0.952452 0.853372 0.093642 0.278553
0 0.427579 0.090558 0.033195 0.108933
0 0.366813 0.061260 0.041185 0.081904
0 0.501997 0.104112 0.020487 0.103101
0 0.698328 0.135185 0.018704 0.100234
0 0.345480 0.159661 0.037891 0.185281
0 0.611774 0.124644 0.020672 0.136533
0 0.953179 0.795363 0.092458 0.387700
0 0.317305 0.134653 0.035968 0.232483
0 0.991846 0.068454 0.015707 0.030657
0 0.680052 0.130390 0.022179 0.115059
