0 0.677119 0.434603 0.022923 0.055145
0 0.528501 0.292982 0.014983 0.066912
0 0.596460 0.260972 0.014617 0.079362
0 0.283510 0.247404 0.010707 0.047366
0 0.676862 0.445281 0.025866 0.076752
0 0.357719 0.231100 0.009202 0.043500
0 0.292913 0.245863 0.009559 0.047968
0 0.558922 0.248961 0.012700 0.055660
0 0.597591 0.252180 0.012428 0.071174
0 0.761210 0.811891 0.038131 0.103538
0 0.293894 0.173133 0.009691 0.027255
0 0.288051 0.246650 0.014320 0.051980
0 0.545495 0.242825 0.011090 0.045280
0 0.441773 0.242958 0.013150 0.040267
0 0.493228 0.281395 0.012744 0.054528
0 0.503466 0.275091 0.011609 0.074467
0 0.573724 0.254834 0.014979 0.061236
0 0.026305 0.306073 0.011307 0.039025
0 0.441845 0.178275 0.007758 0.033263
