0 0.698031 0.458001 0.022152 0.059602
0 0.480861 0.558809 0.034308 0.072988
0 0.540743 0.522276 0.028371 0.066903
0 0.856837 0.346113 0.013479 0.056896
0 0.619267 0.360008 0.014367 0.078201
0 0.432931 0.450316 0.016002 0.055592
0 0.945808 0.305233 0.012926 0.048612
0 0.803563 0.323172 0.009186 0.038202
0 0.808649 0.380608 0.018181 0.058292
0 0.415588 0.426265 0.016927 0.054450
0 0.636887 0.345659 0.012480 0.040461
0 0.201382 0.315904 0.011237 0.037386
0 0.764546 0.317134 0.010337 0.055888
0 0.781796 0.313748 0.009690 0.045641
0 0.805616 0.380787 0.015746 0.055726
0 0.887331 0.325425 0.012057 0.050523
0 0.451477 0.355938 0.013924 0.055990
0 0.253834 0.266758 0.009357 0.041503
0 0.517735 0.363619 0.013611 0.057522
0 0.166575 0.278423 0.012534 0.036664
0 0.604834 0.339893 0.011088 0.053415
0 0.464314 0.319975 0.009128 0.051118
0 0.414398 0.354011 0.013356 0.042106
0 0.538390 0.325240 0.011292 0.048320
0 0.479378 0.350656 0.009733 0.061284
0 0.471643 0.452458 0.012806 0.045454
0 0.406768 0.524718 0.015824 0.028042
0 0.405602 0.315726 0.013101 0.047340
0 0.502052 0.356140 0.013352 0.056025
0 0.140637 0.291369 0.017136 0.059216
