0 0.044236 0.659131 0.036912 0.090322
0 0.019568 0.665545 0.033794 0.102894
0 0.262410 0.560586 0.023863 0.079514
0 0.599431 0.559770 0.138885 0.133136
0 0.534927 0.442679 0.029629 0.068565
0 0.305374 0.556458 0.021585 0.065089
0 0.241220 0.578655 0.034625 0.079958
0 0.373861 0.514520 0.022857 0.076124
0 0.174152 0.621310 0.035580 0.065990
0 0.219395 0.590110 0.028220 0.076507
0 0.466342 0.473414 0.024761 0.076849
0 0.326399 0.539435 0.028490 0.082910
0 0.428273 0.495271 0.027665 0.071872
0 0.351106 0.526311 0.018323 0.064698
0 0.851580 0.222385 0.020194 0.060292
0 0.401238 0.501725 0.030757 0.073409
0 0.445624 0.489030 0.027424 0.059281
0 0.870448 0.231312 0.013324 0.027056
0 0.896931 0.204582 0.022039 0.052067
0 0.335642 0.534430 0.026109 0.085599
0 0.847315 0.223712 0.017260 0.059185
0 0.394797 0.507482 0.021878 0.076510
0 0.049058 0.531240 0.018406 0.032100
0 0.841973 0.225867 0.014972 0.058347
0 0.501979 0.504063 0.018664 0.028997
0 0.566096 0.390083 0.015912 0.041745
0 0.941256 0.163317 0.018739 0.051279
0 0.977525 0.142805 0.013189 0.044180
0 0.632983 0.347939 0.014939 0.043468
0 0.580796 0.380667 0.016066 0.039336
0 0.618865 0.352980 0.019245 0.044609
0 0.081747 0.516901 0.010341 0.025570
0 0.348920 0.519221 0.023911 0.082583
0 0.007853 0.666117 0.015706 0.100572
0 0.960449 0.147719 0.018619 0.045942
0 0.368758 0.517758 0.020855 0.075707
0 0.339910 0.532892 0.026183 0.077135
0 0.821400 0.111420 0.013398 0.036900
0 0.913578 0.194939 0.015379 0.050915
0 0.635128 0.343330 0.014428 0.041174
0 0.608682 0.361692 0.012445 0.034162
0 0.963764 0.145475 0.016680 0.044481
0 0.992985 0.136910 0.013205 0.057018
0 0.440263 0.493704 0.023114 0.069953
