0 0.109600 0.904637 0.053145 0.120103
0 0.684561 0.838234 0.039960 0.145510
0 0.597283 0.405316 0.020790 0.077307
0 0.506033 0.699918 0.029728 0.147617
0 0.955576 0.641874 0.035075 0.099132
0 0.606395 0.675617 0.030239 0.129406
0 0.827060 0.642619 0.027021 0.082392
0 0.546472 0.680703 0.035419 0.127660
0 0.681346 0.705650 0.027969 0.102487
0 0.351420 0.901894 0.047153 0.115618
0 0.644212 0.844320 0.030501 0.119869
0 0.179344 0.971914 0.033773 0.056172
0 0.416363 0.689029 0.023348 0.131345
0 0.450794 0.699364 0.024704 0.119324
0 0.283882 0.963580 0.030725 0.072291
0 0.376879 0.689415 0.030759 0.152880
0 0.631921 0.557266 0.028711 0.113899
0 0.606315 0.278865 0.012333 0.048073
0 0.443074 0.622438 0.024786 0.088885
0 0.626271 0.937763 0.054741 0.124474
0 0.051805 0.834292 0.048736 0.093181
0 0.466452 0.702192 0.020903 0.109475
0 0.718182 0.940540 0.050219 0.118920
0 0.368906 0.493076 0.016999 0.054650
0 0.643544 0.556194 0.052591 0.119386
0 0.872403 0.522879 0.054651 0.057136
