0 0.522830 0.562583 0.023562 0.088251
0 0.444314 0.627009 0.052646 0.087454
0 0.713999 0.473122 0.024866 0.071622
0 0.393806 0.441520 0.026397 0.076300
0 0.857949 0.394195 0.015992 0.054166
0 0.932153 0.347840 0.012712 0.047528
0 0.857651 0.332296 0.014160 0.055445
0 0.461765 0.489152 0.024033 0.082611
0 0.085300 0.307111 0.012403 0.054407
0 0.835580 0.334373 0.010930 0.046498
0 0.623840 0.373641 0.015210 0.080510
0 0.222691 0.270532 0.012228 0.052797
0 0.423896 0.393050 0.015546 0.064068
0 0.902580 0.363268 0.016226 0.062742
0 0.455159 0.499088 0.027380 0.091985
0 0.647944 0.365405 0.011578 0.048423
0 0.150939 0.331250 0.012272 0.042878
0 0.966766 0.308751 0.012361 0.051428
