0 0.910068 0.418973 0.017406 0.036299
0 0.456676 0.275117 0.014664 0.036841
0 0.368002 0.612526 0.038808 0.053592
0 0.146779 0.493070 0.033847 0.088231
0 0.006235 0.626855 0.012470 0.084238
0 0.230707 0.587762 0.014709 0.063459
0 0.932513 0.396132 0.011994 0.033766
0 0.426552 0.331887 0.016130 0.045776
0 0.462300 0.274577 0.025602 0.039045
0 0.718923 0.239993 0.013528 0.048788
0 0.693559 0.243854 0.012513 0.025750
0 0.871841 0.374713 0.010527 0.036741
0 0.185248 0.523755 0.031361 0.089924
0 0.767349 0.277995 0.013874 0.028358
0 0.184402 0.501029 0.027883 0.060331
0 0.423841 0.330906 0.017955 0.045941
0 0.852937 0.373307 0.016018 0.033434
0 0.153428 0.494792 0.039559 0.089967
0 0.402798 0.313234 0.012703 0.040886
0 0.631788 0.237610 0.011987 0.030419
0 0.316527 0.151031 0.016505 0.035616
