0 0.564383 0.457317 0.286643 0.523550
0 0.152699 0.530653 0.224002 0.449414
0 0.311790 0.479832 0.047440 0.142798
0 0.684113 0.579970 0.042302 0.051264
0 0.368387 0.538238 0.051279 0.089356
0 0.399475 0.527256 0.038394 0.049639
0 0.760695 0.673650 0.074473 0.140480
0 0.233921 0.411137 0.034117 0.057743
0 0.778479 0.679679 0.110105 0.150403
0 0.794941 0.704206 0.075495 0.097575
0 0.778749 0.700675 0.108743 0.106148
0 0.986863 0.969832 0.025737 0.059026
0 0.209738 0.426591 0.020962 0.031840
0 0.408221 0.527498 0.054842 0.050714
0 0.441141 0.467015 0.017955 0.079658
