0 0.551602 0.622939 0.037421 0.076921
0 0.723769 0.532232 0.025214 0.067277
0 0.427546 0.604872 0.030475 0.073920
0 0.476487 0.662918 0.047233 0.055794
0 0.419975 0.495538 0.022799 0.075723
0 0.203199 0.319429 0.009015 0.034258
0 0.441281 0.502183 0.026184 0.069159
0 0.459659 0.332686 0.013300 0.077194
0 0.761850 0.376064 0.012375 0.058093
0 0.944727 0.326808 0.014047 0.067441
0 0.816387 0.324663 0.010950 0.045940
0 0.418222 0.331307 0.016436 0.085783
0 0.831463 0.325128 0.010362 0.044330
0 0.161831 0.297178 0.014841 0.063512
0 0.635062 0.345123 0.010233 0.038426
0 0.658356 0.342514 0.013469 0.049556
0 0.759561 0.320149 0.011276 0.054301
0 0.482253 0.509703 0.032932 0.061100
0 0.780692 0.321126 0.009056 0.045221
0 0.847669 0.400265 0.013557 0.051402
0 0.442640 0.348051 0.012158 0.050389
0 0.613614 0.360268 0.012260 0.073885
0 0.866456 0.326786 0.010834 0.040144
0 0.159505 0.295748 0.013258 0.062738
0 0.975122 0.329930 0.017705 0.049768
0 0.557874 0.320779 0.013250 0.047414
0 0.928736 0.324078 0.012413 0.041244
0 0.476132 0.507335 0.022548 0.059488
