0 0.788778 0.845605 0.053752 0.131955
0 0.403064 0.538674 0.023176 0.108911
0 0.847638 0.735298 0.038419 0.097761
0 0.728613 0.460812 0.028832 0.088013
0 0.512116 0.855109 0.040172 0.133079
0 0.856479 0.963150 0.045863 0.073701
0 0.290904 0.664110 0.044660 0.121807
0 0.978863 0.733686 0.041682 0.111494
0 0.601774 0.770758 0.030794 0.107917
0 0.223576 0.641558 0.034807 0.114314
0 0.555530 0.857143 0.030271 0.123427
0 0.113977 0.601733 0.028190 0.080201
0 0.350114 0.830889 0.036642 0.120211
0 0.314701 0.854114 0.043050 0.117336
0 0.452149 0.389698 0.024002 0.090134
0 0.687866 0.553871 0.028983 0.115335
0 0.874368 0.737716 0.048339 0.109374
0 0.841666 0.599429 0.036772 0.102300
0 0.769670 0.972547 0.032900 0.053696
0 0.442362 0.673357 0.028964 0.123499
0 0.259603 0.665488 0.026156 0.102549
0 0.658903 0.831340 0.043552 0.129745
0 0.698981 0.922484 0.035833 0.092581
0 0.878228 0.382662 0.014947 0.054808
0 0.344245 0.234978 0.010175 0.034908
0 0.348981 0.626142 0.028452 0.116965
0 0.563979 0.242799 0.014407 0.037657
0 0.380358 0.858223 0.029528 0.119780
0 0.065687 0.805018 0.047945 0.089307
0 0.840163 0.400294 0.020778 0.053243
0 0.689463 0.813080 0.046717 0.121737
0 0.182854 0.571400 0.012895 0.053677
0 0.050063 0.866073 0.034175 0.068439
0 0.683148 0.560570 0.022138 0.108060
0 0.036380 0.744010 0.021730 0.054857
0 0.057881 0.782586 0.064703 0.138355
0 0.613679 0.199620 0.011974 0.025464
0 0.417934 0.810459 0.036268 0.072465
0 0.683719 0.924884 0.065982 0.097762
0 0.717120 0.248160 0.015177 0.036130
0 0.184954 0.572901 0.019361 0.057591
0 0.417772 0.162793 0.012477 0.030547
