0 0.751570 0.468875 0.027100 0.094639
0 0.517659 0.563931 0.022943 0.090494
0 0.428980 0.663243 0.040456 0.122079
0 0.480751 0.474820 0.024578 0.089413
0 0.388779 0.453176 0.023153 0.105728
0 0.032586 0.297861 0.015355 0.088944
0 0.181512 0.746465 0.038235 0.067865
0 0.131764 0.337448 0.010690 0.045635
0 0.657932 0.380051 0.011691 0.046101
0 0.455226 0.540940 0.032030 0.076688
0 0.867167 0.393225 0.019339 0.060110
0 0.485505 0.392116 0.013296 0.072083
0 0.860186 0.341970 0.013086 0.049474
0 0.021930 0.291863 0.015219 0.071070
0 0.814340 0.336862 0.014149 0.067425
0 0.956498 0.345248 0.012023 0.059504
0 0.883316 0.339227 0.011787 0.055981
0 0.896425 0.341252 0.014297 0.055973
0 0.570460 0.355789 0.014253 0.056872
0 0.021182 0.281037 0.011475 0.047974
0 0.786865 0.325904 0.011787 0.049765
0 0.530644 0.332193 0.011302 0.063407
0 0.510243 0.406298 0.014844 0.068682
0 0.940416 0.377754 0.015959 0.062404
0 0.186287 0.272832 0.018693 0.056143
0 0.386812 0.345134 0.011435 0.047544
