0 0.541767 0.653548 0.036484 0.153998
0 0.615429 0.568841 0.029712 0.143542
0 0.367447 0.709061 0.035170 0.181923
0 0.623848 0.801944 0.030121 0.192987
0 0.779704 0.544490 0.043125 0.161068
0 0.962566 0.867864 0.068569 0.211164
0 0.538691 0.301585 0.028801 0.135297
0 0.664747 0.583904 0.025329 0.140933
0 0.491235 0.571502 0.035427 0.167558
0 0.117893 0.384076 0.031939 0.083985
0 0.312247 0.458053 0.029463 0.141326
0 0.118292 0.410751 0.037440 0.150135
0 0.473196 0.934424 0.038231 0.122300
0 0.370991 0.485391 0.022641 0.117376
