0 0.725038 0.703197 0.021132 0.096571
0 0.239022 0.665870 0.029278 0.094896
0 0.339853 0.676976 0.024938 0.106889
0 0.399241 0.684695 0.024671 0.111226
0 0.478089 0.796341 0.027616 0.125254
0 0.357550 0.617367 0.021245 0.098538
0 0.319949 0.630816 0.025361 0.099758
0 0.379033 0.542555 0.020667 0.086687
0 0.255367 0.884707 0.040772 0.115067
0 0.075267 0.916964 0.054032 0.129014
0 0.068084 0.679341 0.021413 0.060361
0 0.463926 0.696696 0.026966 0.101100
0 0.181942 0.623721 0.020899 0.086696
0 0.238687 0.448381 0.014614 0.065298
0 0.456605 0.625311 0.023162 0.086175
0 0.131942 0.518744 0.015694 0.057271
0 0.556428 0.619596 0.023960 0.097921
0 0.582539 0.578367 0.017137 0.074755
0 0.439837 0.791643 0.025325 0.087044
0 0.288906 0.856678 0.030741 0.110496
0 0.464086 0.679655 0.027042 0.068854
0 0.191830 0.326985 0.008954 0.041635
0 0.238370 0.438234 0.014330 0.045733
0 0.206600 0.685539 0.034030 0.079010
0 0.413297 0.489397 0.011068 0.052766
0 0.599868 0.620586 0.016419 0.085180
0 0.484543 0.965846 0.022866 0.066612
0 0.023721 0.440109 0.015393 0.047095
0 0.509557 0.589990 0.020403 0.086703
0 0.021565 0.935896 0.043017 0.105188
0 0.113510 0.828175 0.045558 0.146456
0 0.149255 0.770079 0.019928 0.059433
0 0.206777 0.326792 0.009038 0.040760
0 0.019687 0.856310 0.039373 0.120160
