0 0.524822 0.553742 0.025998 0.062455
0 0.715307 0.482562 0.025173 0.054397
0 0.472482 0.597650 0.024012 0.064344
0 0.206057 0.315817 0.010105 0.036771
0 0.831938 0.391584 0.013203 0.057135
0 0.421891 0.452917 0.019819 0.053579
0 0.541112 0.325544 0.011261 0.044749
0 0.975959 0.323607 0.014597 0.050217
0 0.755401 0.374793 0.012811 0.048124
0 0.418536 0.334275 0.015618 0.079714
0 0.633667 0.347117 0.009636 0.037832
0 0.457432 0.314002 0.014356 0.052780
0 0.870378 0.327341 0.011987 0.042687
0 0.954037 0.323692 0.013195 0.045629
0 0.446895 0.352911 0.012479 0.047926
0 0.476289 0.350892 0.011248 0.050199
0 0.255962 0.264593 0.011971 0.046230
0 0.157257 0.289258 0.014884 0.058772
0 0.168894 0.286727 0.011923 0.056257
0 0.647695 0.346314 0.010564 0.050495
0 0.474592 0.467920 0.024564 0.041923
0 0.818633 0.321052 0.010918 0.045156
0 0.130385 0.277267 0.017155 0.055348
0 0.613025 0.370258 0.011595 0.051196
0 0.405134 0.315680 0.010956 0.048810
0 0.781420 0.318448 0.010138 0.043306
0 0.941338 0.310325 0.012874 0.046033
0 0.613674 0.361318 0.012616 0.067827
0 0.519941 0.307845 0.012560 0.061215
0 0.466023 0.598644 0.038063 0.065961
0 0.516187 0.363772 0.015063 0.053700
0 0.761358 0.305771 0.007613 0.030571
0 0.161521 0.292200 0.015647 0.065160
0 0.518207 0.365188 0.012079 0.050379
0 0.510299 0.362267 0.015101 0.052883
0 0.613894 0.346511 0.011841 0.065666
0 0.167190 0.290078 0.013435 0.066820
