0 0.448721 0.596646 0.038274 0.093862
0 0.707135 0.464919 0.023283 0.068094
0 0.404488 0.435354 0.019777 0.069334
0 0.533585 0.544042 0.027984 0.082388
0 0.833349 0.384962 0.014605 0.058545
0 0.353835 0.575731 0.030331 0.042517
0 0.095882 0.276613 0.014105 0.052355
0 0.957855 0.425792 0.016270 0.052894
0 0.820190 0.331081 0.009732 0.042780
0 0.457255 0.479526 0.025622 0.071242
0 0.172780 0.325169 0.009778 0.039297
0 0.910754 0.333237 0.012556 0.050257
0 0.881683 0.354795 0.013214 0.056105
0 0.842381 0.327117 0.012017 0.050826
0 0.953328 0.307852 0.011551 0.045408
0 0.857407 0.327060 0.010710 0.048005
0 0.433440 0.377326 0.012622 0.058427
0 0.932637 0.302286 0.009358 0.043231
0 0.142502 0.283167 0.009215 0.038633
0 0.619461 0.369285 0.013248 0.070444
0 0.109854 0.299644 0.012317 0.055248
0 0.593877 0.357900 0.012393 0.054362
0 0.791940 0.317928 0.009984 0.044946
