0 0.548508 0.520969 0.025444 0.052794
0 0.631471 0.469293 0.017417 0.051363
0 0.476130 0.518789 0.019767 0.049085
0 0.415576 0.428012 0.014945 0.041387
0 0.877788 0.293430 0.010627 0.041618
0 0.583439 0.313181 0.011216 0.061034
0 0.777726 0.286546 0.010854 0.040243
0 0.465221 0.312752 0.009268 0.040284
0 0.856443 0.282974 0.010963 0.039597
0 0.757313 0.288109 0.012574 0.043113
0 0.245065 0.277932 0.008829 0.034499
0 0.436790 0.305013 0.012899 0.069340
0 0.332007 0.281660 0.008037 0.026354
0 0.436150 0.435030 0.018410 0.046940
0 0.455935 0.426650 0.017768 0.031038
0 0.492529 0.313095 0.010047 0.042957
0 0.438390 0.431880 0.019801 0.040948
0 0.620201 0.308770 0.010214 0.040755
0 0.815126 0.313250 0.011399 0.046026
0 0.606286 0.305842 0.009473 0.037407
0 0.507668 0.316705 0.013179 0.042607
0 0.711785 0.337024 0.008850 0.043988
0 0.263195 0.284196 0.009324 0.035849
0 0.423009 0.284386 0.013762 0.049383
0 0.944758 0.312741 0.012961 0.041072
0 0.330314 0.273001 0.011308 0.041812
0 0.531107 0.299654 0.008288 0.037214
0 0.565796 0.299382 0.009312 0.040654
