0 0.416612 0.670506 0.054792 0.127674
0 0.518797 0.560704 0.035517 0.086870
0 0.165467 0.758381 0.044981 0.072484
0 0.754376 0.456514 0.026106 0.085691
0 0.482885 0.469213 0.024903 0.082538
0 0.465290 0.536493 0.040112 0.073832
0 0.027575 0.296014 0.017562 0.094628
0 0.388307 0.455264 0.025134 0.107982
0 0.135975 0.337554 0.012382 0.048529
0 0.658868 0.381575 0.012366 0.049134
0 0.814585 0.337580 0.014043 0.070316
0 0.182140 0.276566 0.013966 0.054058
0 0.071187 0.284313 0.019046 0.050866
0 0.024407 0.296664 0.023522 0.087092
0 0.863466 0.343240 0.012267 0.046323
0 0.885630 0.344075 0.010826 0.051107
0 0.484991 0.395676 0.012710 0.072008
0 0.509354 0.408961 0.015985 0.067703
0 0.785413 0.321511 0.012430 0.055400
0 0.866017 0.395026 0.018571 0.056683
0 0.529539 0.334691 0.010675 0.062396
0 0.054106 0.285688 0.020416 0.048990
0 0.626794 0.422413 0.015346 0.067102
0 0.019283 0.283282 0.014525 0.059759
