0 0.073401 0.657377 0.146271 0.551537
0 0.922348 0.505758 0.090043 0.465600
0 0.732172 0.451535 0.088118 0.368992
0 0.366193 0.604942 0.188950 0.780539
0 0.276135 0.618881 0.150877 0.670308
0 0.511328 0.639000 0.133570 0.705254
0 0.614818 0.568442 0.118991 0.692921
0 0.816568 0.350000 0.033705 0.142341
0 0.778356 0.346746 0.023621 0.127929
0 0.877092 0.353933 0.031224 0.137702
0 0.974167 0.364946 0.020496 0.141924
0 0.578829 0.422486 0.056668 0.320379
0 0.579068 0.489906 0.058267 0.457143
0 0.989639 0.498854 0.020239 0.301198
0 0.579948 0.584383 0.060101 0.648156
0 0.989793 0.542720 0.019617 0.216336
