0 0.277912 0.445619 0.010636 0.045679
0 0.420536 0.485933 0.013630 0.042295
0 0.026324 0.573071 0.013452 0.039116
0 0.420477 0.482659 0.011088 0.036119
0 0.742168 0.465977 0.011822 0.045562
0 0.474552 0.689045 0.027513 0.075342
0 0.740249 0.468304 0.010073 0.039200
0 0.022233 0.566473 0.020954 0.050607
0 0.319785 0.414962 0.011519 0.050898
0 0.461177 0.429070 0.009115 0.044606
0 0.714948 0.887393 0.122693 0.208353
0 0.323217 0.498433 0.011949 0.042907
0 0.321574 0.416046 0.010749 0.051411
0 0.480285 0.599424 0.009718 0.045351
0 0.588235 0.447955 0.010453 0.041731
0 0.387408 0.428866 0.009148 0.032887
