0 0.608479 0.118278 0.014901 0.078932
0 0.631042 0.130289 0.016711 0.087003
0 0.909218 0.401239 0.025742 0.091279
0 0.871806 0.372074 0.020354 0.071194
0 0.791671 0.278387 0.021621 0.079601
0 0.815312 0.307478 0.015790 0.075559
0 0.797070 0.143507 0.021318 0.061332
0 0.853104 0.342170 0.031311 0.075176
0 0.894036 0.391328 0.020621 0.066712
0 0.954315 0.448179 0.024774 0.085966
0 0.819800 0.312094 0.024398 0.081863
0 0.826663 0.313445 0.019486 0.081421
0 0.777047 0.138735 0.014916 0.063222
0 0.989343 0.495516 0.020562 0.086097
