0 0.637324 0.448109 0.018568 0.074331
0 0.681974 0.754096 0.037801 0.103963
0 0.514078 0.323598 0.014094 0.046464
0 0.570178 0.255297 0.013915 0.055252
0 0.033919 0.311059 0.009938 0.033296
0 0.343362 0.183658 0.006154 0.027838
0 0.534066 0.250217 0.010383 0.040869
0 0.493754 0.292433 0.009868 0.056499
0 0.344632 0.241846 0.008807 0.041452
0 0.533922 0.264679 0.010863 0.064147
0 0.280409 0.258464 0.013648 0.050525
0 0.421678 0.258056 0.010469 0.044143
0 0.468013 0.288719 0.011176 0.060385
0 0.384252 0.246106 0.011321 0.040398
