0 0.181152 0.797516 0.061649 0.146148
0 0.407809 0.646550 0.039396 0.134786
0 0.680620 0.567282 0.023234 0.109010
0 0.981328 0.409660 0.019333 0.064094
0 0.179810 0.414840 0.018573 0.065035
0 0.548772 0.572791 0.028983 0.130575
0 0.708027 0.474682 0.019868 0.090152
0 0.348384 0.576905 0.025376 0.126834
0 0.883446 0.424303 0.022129 0.079046
0 0.725787 0.487914 0.018236 0.066133
0 0.493066 0.534516 0.021540 0.112895
0 0.386878 0.561437 0.024512 0.119663
0 0.460697 0.528149 0.022127 0.125292
0 0.622740 0.445110 0.022952 0.091485
0 0.539077 0.500814 0.027470 0.093411
0 0.666631 0.476630 0.019035 0.087928
0 0.304755 0.406230 0.017322 0.079544
0 0.920250 0.402556 0.018943 0.079357
0 0.526008 0.584805 0.026396 0.109328
0 0.439119 0.526679 0.016957 0.104791
0 0.766929 0.441963 0.019324 0.084733
0 0.422798 0.410728 0.013299 0.066152
0 0.514151 0.434021 0.022766 0.105794
0 0.335452 0.417170 0.013206 0.055129
0 0.408147 0.534206 0.015960 0.087103
0 0.600546 0.438816 0.016466 0.084836
0 0.477464 0.521201 0.016326 0.107769
0 0.102158 0.319077 0.012781 0.052977
0 0.443177 0.409436 0.014084 0.076362
0 0.289725 0.413071 0.015205 0.079699
0 0.090057 0.319057 0.015152 0.057391
0 0.929646 0.367198 0.011443 0.036640
0 0.923225 0.395942 0.024207 0.091817
0 0.365751 0.539940 0.021432 0.072416
0 0.486808 0.407713 0.017542 0.087999
