0 0.475064 0.567372 0.030377 0.082936
0 0.694878 0.455070 0.019713 0.058385
0 0.539727 0.522301 0.036136 0.069927
0 0.812478 0.376698 0.014012 0.048805
0 0.194474 0.317758 0.009946 0.037614
0 0.806517 0.324761 0.010063 0.039193
0 0.414529 0.425381 0.017422 0.055722
0 0.848457 0.393985 0.014009 0.044823
0 0.442795 0.456185 0.018044 0.060702
0 0.457342 0.457998 0.018778 0.060468
0 0.944398 0.306026 0.012397 0.046571
0 0.842628 0.321019 0.010059 0.043605
0 0.890639 0.326858 0.011182 0.046650
0 0.828182 0.320691 0.010471 0.049279
0 0.618490 0.372600 0.012564 0.051698
0 0.443883 0.357437 0.013713 0.049597
0 0.892267 0.323403 0.010680 0.044141
0 0.637696 0.349126 0.012385 0.041671
0 0.783000 0.315370 0.010185 0.045987
0 0.767150 0.318808 0.010157 0.052447
0 0.910874 0.293848 0.009512 0.040227
0 0.517657 0.363924 0.012185 0.049501
0 0.862241 0.343556 0.012667 0.050385
0 0.389860 0.530787 0.020633 0.032845
0 0.119982 0.276275 0.017092 0.052168
