0 0.714005 0.220214 0.030919 0.134383
0 0.626064 0.215077 0.025317 0.136316
0 0.827991 0.149498 0.023109 0.117588
0 0.804723 0.200391 0.028268 0.120709
0 0.974119 0.319016 0.025247 0.085240
0 0.219342 0.125025 0.033170 0.101077
0 0.707117 0.060947 0.017536 0.096931
0 0.912488 0.272737 0.046079 0.127348
0 0.803328 0.258588 0.027993 0.103305
0 0.645359 0.186474 0.026308 0.141610
0 0.763080 0.170637 0.023343 0.103564
0 0.380108 0.198596 0.026628 0.127162
0 0.256575 0.218697 0.019888 0.066356
0 0.344111 0.237653 0.029109 0.087855
0 0.738228 0.237041 0.027908 0.113744
0 0.052154 0.296178 0.022501 0.077572
0 0.331010 0.130058 0.021318 0.099033
0 0.139807 0.182248 0.022344 0.095705
0 0.425094 0.275316 0.039580 0.146882
0 0.290913 0.282375 0.032491 0.122836
0 0.547423 0.103400 0.022207 0.129554
0 0.497360 0.259582 0.028878 0.114222
0 0.167309 0.204681 0.023857 0.113790
0 0.761515 0.285906 0.034332 0.143670
0 0.379068 0.173911 0.025071 0.162866
0 0.765037 0.256556 0.025796 0.085039
0 0.256721 0.237536 0.022068 0.104113
0 0.318665 0.291061 0.027575 0.120862
0 0.365341 0.040848 0.018477 0.081697
