0 0.493366 0.677051 0.021803 0.099649
0 0.471636 0.582734 0.019453 0.087204
0 0.370275 0.543546 0.020030 0.080302
0 0.527178 0.656177 0.023097 0.093475
0 0.388158 0.687019 0.018831 0.082309
0 0.420864 0.513549 0.017338 0.071136
0 0.601558 0.650042 0.023777 0.090391
0 0.575744 0.655962 0.026324 0.083420
0 0.234206 0.475143 0.017364 0.059428
0 0.368242 0.689435 0.023949 0.087936
0 0.285906 0.560662 0.019440 0.078751
0 0.500501 0.269436 0.016618 0.044746
0 0.302336 0.352937 0.017698 0.045127
0 0.402081 0.671631 0.015037 0.063652
0 0.299435 0.361746 0.022907 0.064200
0 0.161162 0.585900 0.023272 0.070798
0 0.706020 0.778220 0.022233 0.062198
0 0.158782 0.575003 0.018793 0.050917
0 0.294631 0.561495 0.020252 0.076768
0 0.164446 0.593522 0.025866 0.067518
0 0.373790 0.555664 0.020342 0.062855
0 0.296027 0.364102 0.030614 0.070965
0 0.707624 0.773585 0.028294 0.070200
0 0.421545 0.265709 0.013241 0.035546
0 0.380215 0.567020 0.014463 0.041475
