0 0.826309 0.307245 0.027901 0.100346
0 0.859741 0.348824 0.022999 0.073885
0 0.613974 0.120319 0.014973 0.080413
0 0.885117 0.356074 0.027517 0.114336
0 0.807011 0.145166 0.017108 0.065706
0 0.636544 0.132350 0.015882 0.088814
0 0.797969 0.270896 0.023901 0.100258
0 0.918761 0.404648 0.028499 0.091523
0 0.961472 0.383491 0.022046 0.081233
0 0.964529 0.440909 0.029177 0.107526
0 0.784913 0.145517 0.016176 0.068888
0 0.903835 0.395120 0.023620 0.074345
0 0.922887 0.409234 0.029308 0.099963
0 0.884105 0.373574 0.024432 0.082702
