0 0.305681 0.488995 0.037319 0.118035
0 0.383169 0.388188 0.018575 0.110857
0 0.937441 0.337510 0.012039 0.034889
0 0.840344 0.431367 0.023495 0.068122
0 0.547937 0.374491 0.022343 0.065545
0 0.963887 0.718478 0.027388 0.071124
0 0.133422 0.363721 0.017950 0.074948
0 0.130787 0.639371 0.056419 0.127849
0 0.914913 0.480700 0.046281 0.056590
0 0.223420 0.392164 0.020058 0.081323
0 0.561165 0.331163 0.019586 0.046122
0 0.147877 0.486384 0.025975 0.116824
0 0.228577 0.503831 0.023603 0.097653
0 0.552147 0.362569 0.031145 0.088586
0 0.944479 0.725525 0.065630 0.087551
0 0.212504 0.599738 0.034745 0.118648
0 0.071483 0.404440 0.016910 0.079363
0 0.195147 0.412131 0.018244 0.092618
0 0.923322 0.479903 0.027907 0.054687
0 0.723397 0.285899 0.017517 0.035052
0 0.103827 0.482256 0.020126 0.086443
0 0.268395 0.426118 0.019211 0.084461
