0 0.144912 0.767534 0.057890 0.129647
0 0.396726 0.693708 0.061383 0.125515
0 0.835841 0.438749 0.024798 0.092779
0 0.374343 0.494571 0.021879 0.077719
0 0.526247 0.547505 0.031567 0.100072
0 0.419878 0.474944 0.023773 0.104221
0 0.905995 0.362941 0.013108 0.053046
0 0.647436 0.460514 0.019668 0.092792
0 0.438973 0.455534 0.021167 0.104084
0 0.530262 0.467127 0.019348 0.090002
0 0.854830 0.352234 0.015478 0.075376
0 0.946458 0.360850 0.018035 0.065610
0 0.681571 0.414848 0.012914 0.054146
0 0.506287 0.454553 0.016924 0.080256
0 0.954289 0.439057 0.022901 0.057416
0 0.634602 0.409268 0.013760 0.070333
0 0.968584 0.372808 0.014119 0.064724
0 0.151324 0.285481 0.017993 0.057293
0 0.162590 0.359032 0.012666 0.050982
0 0.492834 0.448301 0.016662 0.085267
0 0.367878 0.371777 0.011884 0.052950
0 0.010442 0.292008 0.020884 0.060156
0 0.460673 0.442903 0.013941 0.078593
0 0.413504 0.555173 0.029948 0.088394
0 0.344976 0.356895 0.013717 0.067745
0 0.928916 0.360552 0.014870 0.054751
0 0.014609 0.297309 0.021137 0.049442
0 0.476600 0.435358 0.014561 0.083347
0 0.164785 0.366138 0.015334 0.037171
0 0.316996 0.444333 0.013921 0.067195
0 0.332249 0.359379 0.012897 0.065995
0 0.581741 0.380958 0.017366 0.071107
0 0.145076 0.287028 0.015152 0.054820
0 0.284607 0.262799 0.010920 0.042915
