0 0.527749 0.527334 0.027922 0.065176
0 0.480486 0.564548 0.041693 0.064095
0 0.706622 0.467942 0.022692 0.059853
0 0.204663 0.316306 0.009626 0.037778
0 0.421134 0.439567 0.021333 0.059126
0 0.155017 0.295961 0.012089 0.054104
0 0.762177 0.372142 0.011689 0.050373
0 0.415924 0.531506 0.029130 0.038619
0 0.819446 0.320784 0.011136 0.044703
0 0.819021 0.385108 0.012747 0.055398
0 0.544251 0.326279 0.012539 0.045695
0 0.762420 0.315509 0.009640 0.052925
0 0.942281 0.307987 0.012997 0.045585
0 0.404641 0.314687 0.010478 0.048591
0 0.479842 0.350480 0.009043 0.049811
0 0.780799 0.315232 0.010271 0.045530
0 0.516808 0.360577 0.015419 0.054184
0 0.481740 0.349461 0.012142 0.051434
0 0.418565 0.317835 0.014233 0.051623
0 0.637328 0.346731 0.014367 0.048819
0 0.417775 0.350602 0.013770 0.041483
0 0.982140 0.323902 0.016254 0.049691
0 0.964455 0.321825 0.014534 0.047850
0 0.256073 0.265375 0.012323 0.044810
0 0.851970 0.339123 0.011419 0.048233
0 0.502588 0.355036 0.011936 0.056851
0 0.832734 0.319701 0.009034 0.044829
0 0.418871 0.333114 0.016061 0.079936
0 0.959983 0.321023 0.014774 0.045199
0 0.453711 0.356626 0.013294 0.050247
0 0.168535 0.277470 0.011454 0.037699
0 0.760739 0.317660 0.010970 0.054071
0 0.873415 0.325334 0.010677 0.038549
0 0.468826 0.313675 0.010297 0.048735
0 0.640752 0.347564 0.010552 0.049987
