0 0.390520 0.700971 0.061772 0.139059
0 0.772971 0.458541 0.026105 0.096958
0 0.509242 0.580683 0.030047 0.112831
0 0.384632 0.480713 0.022932 0.107427
0 0.427090 0.391363 0.021810 0.083253
0 0.667181 0.393437 0.014258 0.051958
0 0.137667 0.345057 0.012336 0.050047
0 0.447035 0.558618 0.030604 0.090577
0 0.328583 0.407120 0.011337 0.056905
0 0.021703 0.289286 0.012686 0.052332
0 0.489321 0.465563 0.023703 0.117540
0 0.832288 0.340258 0.018227 0.071407
0 0.630741 0.434912 0.016875 0.086333
0 0.874615 0.393758 0.021413 0.060334
0 0.904940 0.344584 0.013469 0.061594
0 0.919641 0.346689 0.015205 0.060617
0 0.346190 0.407892 0.011190 0.055442
0 0.880564 0.348648 0.012629 0.046934
0 0.964747 0.343352 0.013363 0.059751
0 0.139726 0.347316 0.015499 0.043643
0 0.158217 0.280233 0.009897 0.047647
0 0.974604 0.386119 0.024477 0.073692
0 0.490975 0.448799 0.024225 0.143004
0 0.354043 0.342149 0.012900 0.061090
0 0.633156 0.426635 0.020827 0.104594
0 0.985524 0.345842 0.012313 0.046851
