0 0.233308 0.412381 0.048133 0.197708
0 0.472301 0.539189 0.054593 0.240634
0 0.379954 0.494660 0.032117 0.172315
0 0.173607 0.277477 0.030981 0.108698
0 0.587722 0.551259 0.041614 0.239142
0 0.475682 0.369852 0.024268 0.129083
0 0.549731 0.427232 0.037695 0.168366
0 0.393279 0.284224 0.024141 0.131081
0 0.042905 0.423519 0.026827 0.098065
0 0.804050 0.340474 0.028356 0.089947
0 0.707241 0.345350 0.033330 0.134973
0 0.511049 0.414034 0.027181 0.150236
0 0.651928 0.428869 0.046486 0.177663
0 0.700000 0.482634 0.045455 0.163028
0 0.035644 0.436701 0.037017 0.122545
0 0.570207 0.484248 0.043371 0.238575
0 0.043752 0.227828 0.015454 0.073903
0 0.041596 0.434811 0.031148 0.122160
0 0.735702 0.655531 0.044834 0.187215
0 0.492711 0.296122 0.029217 0.149584
0 0.062468 0.228918 0.024117 0.073748
0 0.066609 0.227704 0.018505 0.067442
0 0.564921 0.269290 0.023959 0.127560
0 0.734826 0.240422 0.023353 0.102586
0 0.455004 0.274642 0.015716 0.086853
0 0.058011 0.228133 0.020948 0.077646
0 0.593425 0.368837 0.029148 0.147999
0 0.791343 0.517705 0.045084 0.187167
0 0.029043 0.472851 0.038027 0.196313
0 0.473878 0.540284 0.038457 0.238306
0 0.671139 0.300921 0.021121 0.123654
