0 0.919150 0.684841 0.031805 0.102402
0 0.738186 0.819736 0.048093 0.126757
0 0.701621 0.951554 0.047543 0.096893
0 0.408967 0.495569 0.020389 0.096702
0 0.491232 0.713833 0.029932 0.119534
0 0.369980 0.702753 0.026335 0.110151
0 0.766777 0.652049 0.031045 0.096128
0 0.128189 0.701405 0.036497 0.093964
0 0.456084 0.374660 0.019465 0.079263
0 0.502412 0.918302 0.032109 0.102418
0 0.523412 0.717085 0.023652 0.117787
0 0.602280 0.704125 0.033299 0.119363
0 0.631519 0.691782 0.028795 0.108676
0 0.423657 0.707010 0.026768 0.111427
0 0.289348 0.578665 0.020638 0.077657
0 0.959205 0.745405 0.050752 0.075471
0 0.317218 0.593500 0.030016 0.100860
0 0.098710 0.706686 0.025333 0.103724
0 0.393716 0.717567 0.021583 0.102497
0 0.340817 0.718444 0.028344 0.104534
0 0.795934 0.654745 0.037101 0.091705
0 0.355720 0.237903 0.009518 0.032195
0 0.781738 0.552737 0.026404 0.081910
0 0.717884 0.685321 0.030664 0.068270
0 0.441215 0.592856 0.021710 0.096307
0 0.961835 0.736236 0.045227 0.058117
0 0.097131 0.979084 0.023789 0.040367
0 0.563481 0.666484 0.024606 0.092032
0 0.640635 0.476583 0.024065 0.087671
0 0.686303 0.438230 0.024822 0.073556
0 0.162963 0.550897 0.022810 0.067976
0 0.967540 0.725518 0.035176 0.035927
