0 0.480000 0.561909 0.034057 0.078729
0 0.697368 0.453497 0.026240 0.058627
0 0.546130 0.518253 0.037996 0.068505
0 0.808819 0.379580 0.014246 0.056829
0 0.416504 0.425882 0.017519 0.057788
0 0.859213 0.347303 0.013814 0.050038
0 0.437043 0.451740 0.018071 0.061044
0 0.466061 0.456740 0.014405 0.048681
0 0.804603 0.323824 0.009298 0.042225
0 0.618058 0.373474 0.012976 0.052638
0 0.944410 0.306368 0.012123 0.048479
0 0.782262 0.315190 0.010435 0.047109
0 0.618876 0.360660 0.012743 0.078843
0 0.764867 0.317103 0.010975 0.058103
0 0.636981 0.346700 0.012548 0.040001
0 0.888904 0.326318 0.012857 0.048861
0 0.540340 0.516264 0.026683 0.064650
0 0.828885 0.382337 0.012670 0.036476
0 0.446878 0.356221 0.013927 0.045346
0 0.198107 0.315799 0.009918 0.036604
0 0.466649 0.323824 0.009607 0.049938
0 0.536226 0.327895 0.011031 0.043310
0 0.518401 0.364286 0.013245 0.057043
0 0.398815 0.530693 0.017585 0.030380
0 0.604705 0.342268 0.010565 0.047822
0 0.826633 0.320157 0.012905 0.049310
0 0.619146 0.341946 0.011336 0.052748
0 0.479454 0.352730 0.010302 0.056980
0 0.252640 0.267731 0.010498 0.042954
