0 0.064503 0.551124 0.128504 0.522153
0 0.568021 0.515094 0.115396 0.717554
0 0.468641 0.603730 0.118388 0.748839
0 0.697559 0.409307 0.087503 0.357259
0 0.313003 0.567828 0.181282 0.832650
0 0.908394 0.504647 0.099618 0.492951
0 0.254898 0.528006 0.084603 0.628440
0 0.971020 0.385367 0.035024 0.150982
0 0.784708 0.327404 0.025472 0.141385
0 0.804536 0.331357 0.023792 0.132605
0 0.844431 0.343205 0.031334 0.147554
0 0.505603 0.291162 0.057022 0.183159
0 0.746655 0.341539 0.036236 0.210252
0 0.387507 0.430618 0.091158 0.533190
0 0.898183 0.350458 0.027663 0.146862
0 0.848135 0.354002 0.027975 0.146827
0 0.953738 0.358688 0.022906 0.189628
0 0.863111 0.303541 0.012180 0.066971
0 0.738598 0.335167 0.019903 0.194285
0 0.505710 0.411920 0.056922 0.424454
