0 0.408476 0.762096 0.045193 0.169777
0 0.140466 0.861767 0.037381 0.159753
0 0.692676 0.556476 0.029944 0.120251
0 0.562458 0.579822 0.028467 0.130836
0 0.394722 0.624618 0.050340 0.157879
0 0.170359 0.401446 0.015481 0.060752
0 0.455434 0.576235 0.025171 0.121270
0 0.342997 0.506329 0.015749 0.074150
0 0.722095 0.475457 0.016600 0.064768
0 0.367392 0.632531 0.025388 0.139474
0 0.672335 0.464155 0.016599 0.086932
0 0.696853 0.457852 0.019826 0.090018
0 0.492678 0.541931 0.023284 0.156606
0 0.315624 0.396230 0.015858 0.080405
0 0.601899 0.429107 0.019098 0.083971
0 0.743257 0.420780 0.016997 0.083718
0 0.110460 0.303003 0.014955 0.070263
0 0.974019 0.399191 0.017359 0.062672
0 0.431603 0.514497 0.023050 0.092927
0 0.521939 0.538352 0.020709 0.098649
0 0.915460 0.390129 0.020963 0.086276
0 0.505008 0.559091 0.020169 0.144861
0 0.305495 0.553430 0.021431 0.051106
0 0.299586 0.402298 0.014321 0.077194
0 0.340167 0.418382 0.016183 0.055790
0 0.477806 0.504638 0.016883 0.108133
0 0.373482 0.631337 0.046906 0.141241
