0 0.104023 0.690742 0.067923 0.150548
0 0.910998 0.447944 0.021515 0.044130
0 0.342092 0.467918 0.036673 0.126391
0 0.435219 0.362551 0.020194 0.112861
0 0.909591 0.454039 0.024588 0.055785
0 0.176920 0.453128 0.038431 0.123010
0 0.760895 0.272248 0.016608 0.039398
0 0.464370 0.364048 0.023493 0.102310
0 0.738143 0.252883 0.018660 0.047670
0 0.081952 0.533937 0.034737 0.090462
0 0.948714 0.478931 0.016948 0.056845
0 0.173526 0.320544 0.020830 0.078423
0 0.111071 0.359975 0.018465 0.081919
0 0.134764 0.440183 0.024557 0.094758
0 0.850267 0.281358 0.021853 0.039892
0 0.950044 0.487444 0.017691 0.067701
0 0.546829 0.328922 0.023535 0.089756
0 0.546190 0.308558 0.015882 0.055302
0 0.203009 0.372517 0.029115 0.153823
0 0.233739 0.370772 0.020257 0.091013
0 0.036400 0.365009 0.023022 0.097861
