0 0.541898 0.485245 0.020341 0.047668
0 0.487538 0.483146 0.019593 0.041573
0 0.644826 0.443730 0.017671 0.043449
0 0.787582 0.298100 0.009762 0.040501
0 0.266855 0.270048 0.012533 0.038125
0 0.907639 0.300006 0.010045 0.040038
0 0.560311 0.304732 0.010135 0.037350
0 0.602572 0.296720 0.009175 0.037495
0 0.459320 0.295777 0.008942 0.039833
0 0.718734 0.276142 0.007808 0.035275
0 0.909546 0.296679 0.011377 0.040906
0 0.207474 0.246396 0.012813 0.042850
0 0.302488 0.253998 0.011044 0.054175
0 0.231547 0.248754 0.010249 0.033724
0 0.848438 0.280544 0.011044 0.036889
