0 0.139288 0.793616 0.039736 0.126399
0 0.391684 0.711859 0.072048 0.116596
0 0.828650 0.444550 0.027994 0.088848
0 0.407638 0.489944 0.022705 0.109833
0 0.523830 0.556356 0.029204 0.072678
0 0.152812 0.357037 0.016611 0.051207
0 0.905538 0.361214 0.012678 0.055757
0 0.430926 0.561505 0.039775 0.080800
0 0.368066 0.502504 0.018205 0.109685
0 0.527096 0.475580 0.026526 0.122125
0 0.642961 0.455743 0.018464 0.090681
0 0.934080 0.423244 0.030167 0.072968
0 0.401505 0.710014 0.052020 0.113388
0 0.425572 0.440507 0.025701 0.100362
0 0.458499 0.438374 0.014388 0.081427
0 0.017050 0.296173 0.015080 0.048591
0 0.853807 0.351255 0.016811 0.075391
0 0.929713 0.356068 0.013465 0.060812
0 0.344298 0.354879 0.013479 0.068636
0 0.972735 0.367721 0.016832 0.064526
0 0.504864 0.446673 0.018641 0.088562
0 0.331021 0.357469 0.012818 0.066611
0 0.490247 0.438059 0.018261 0.093257
0 0.312759 0.436799 0.013314 0.066016
0 0.651562 0.395267 0.014577 0.072276
0 0.367458 0.369547 0.011587 0.052294
0 0.679564 0.415595 0.013381 0.048904
0 0.013353 0.294512 0.018602 0.053930
0 0.154362 0.285010 0.010992 0.049874
0 0.632004 0.403637 0.014052 0.068935
0 0.005688 0.292036 0.011122 0.055851
0 0.574755 0.376966 0.016860 0.067603
0 0.946573 0.356119 0.015835 0.062044
0 0.801240 0.336351 0.014018 0.062434
0 0.316802 0.436546 0.019484 0.065874
0 0.608204 0.345530 0.012342 0.047238
