0 0.323344 0.898598 0.023378 0.116671
0 0.660284 0.655870 0.013899 0.059764
0 0.209904 0.481876 0.015220 0.059661
0 0.493091 0.757114 0.021488 0.089322
0 0.318930 0.559021 0.016838 0.072927
0 0.646469 0.455979 0.014785 0.066522
0 0.627240 0.826338 0.019100 0.098106
0 0.240850 0.480201 0.016474 0.064413
0 0.568715 0.617457 0.012578 0.067815
0 0.305673 0.573664 0.013816 0.066848
0 0.444953 0.558324 0.013486 0.072045
0 0.627378 0.807395 0.017448 0.059506
0 0.449389 0.630227 0.019993 0.082639
0 0.403874 0.798380 0.015881 0.063753
0 0.504232 0.717056 0.017907 0.063805
0 0.341200 0.576072 0.014855 0.056092
0 0.935037 0.528403 0.017859 0.055475
0 0.243274 0.329292 0.012679 0.049311
0 0.964572 0.517609 0.017220 0.071728
0 0.975331 0.527195 0.024350 0.074914
0 0.481091 0.534672 0.011595 0.065608
0 0.609722 0.642343 0.014973 0.065925
0 0.385326 0.788460 0.015198 0.059314
0 0.139448 0.570020 0.022991 0.052029
0 0.520888 0.588898 0.016271 0.077437
0 0.942708 0.444956 0.021020 0.060778
0 0.967944 0.525804 0.015732 0.080429
0 0.481443 0.710710 0.017130 0.079595
0 0.460517 0.697462 0.019377 0.078463
0 0.262315 0.328601 0.013073 0.050365
0 0.483347 0.535594 0.014180 0.067720
0 0.090757 0.317297 0.017635 0.026587
