0 0.640273 0.457389 0.016552 0.055258
0 0.704034 0.269866 0.019072 0.052717
0 0.610327 0.736145 0.017853 0.058526
0 0.346850 0.481775 0.012296 0.052906
0 0.655220 0.495387 0.015437 0.055830
0 0.335348 0.495692 0.011728 0.050380
0 0.268064 0.170508 0.013439 0.043216
0 0.386706 0.724403 0.021691 0.051597
0 0.469539 0.449176 0.013313 0.062195
0 0.345587 0.487096 0.015152 0.063541
0 0.324821 0.416816 0.013818 0.047266
0 0.365750 0.499639 0.015096 0.040452
0 0.550753 0.534367 0.012788 0.043834
0 0.478777 0.635679 0.016316 0.064770
0 0.451685 0.475561 0.015272 0.052545
