0 0.771416 0.804786 0.359617 0.232196
0 0.407631 0.501861 0.271122 0.163244
0 0.659324 0.555400 0.275704 0.191228
0 0.595730 0.033292 0.041272 0.066306
0 0.376359 0.331700 0.226444 0.105395
0 0.734342 0.026077 0.055214 0.051603
0 0.659680 0.334877 0.224596 0.104174
0 0.770355 0.374155 0.448197 0.179307
0 0.388569 0.017097 0.077704 0.034114
0 0.358506 0.731319 0.289963 0.221592
0 0.134964 0.712777 0.269197 0.191234
0 0.853659 0.043011 0.045573 0.085355
0 0.466492 0.020057 0.045487 0.039965
0 0.479275 0.021698 0.070622 0.042971
0 0.862176 0.400272 0.264138 0.125982
0 0.373283 0.017834 0.045479 0.035413
0 0.906062 0.036887 0.025995 0.073030
0 0.405247 0.011683 0.047293 0.023297
0 0.135946 0.331810 0.229388 0.107282
0 0.365409 0.018124 0.030468 0.035945
0 0.967748 0.033414 0.063276 0.066371
0 0.874739 0.040354 0.088291 0.079784
