0 0.676158 0.515817 0.029475 0.097778
0 0.382541 0.184347 0.011821 0.031490
0 0.064236 0.351947 0.010846 0.037336
0 0.479971 0.136225 0.012153 0.018191
0 0.741359 0.223251 0.010009 0.040281
0 0.229483 0.292839 0.036372 0.055303
0 0.241948 0.295736 0.013963 0.038339
0 0.237393 0.295244 0.054135 0.054091
0 0.212141 0.211606 0.005689 0.014721
0 0.223505 0.291709 0.026823 0.057610
0 0.788210 0.237722 0.012880 0.026505
0 0.787455 0.247435 0.013144 0.039847
0 0.344977 0.175338 0.007105 0.016360
0 0.762483 0.244013 0.010257 0.029688
