0 0.189203 0.784905 0.059646 0.164260
0 0.408866 0.617016 0.036600 0.145535
0 0.531809 0.591414 0.037531 0.144611
0 0.179472 0.412187 0.014172 0.060906
0 0.668214 0.566205 0.022377 0.115970
0 0.347230 0.542077 0.025545 0.115325
0 0.375578 0.537835 0.036271 0.121599
0 0.981525 0.408542 0.018850 0.065612
0 0.545087 0.481872 0.020268 0.096954
0 0.089127 0.323309 0.020305 0.066487
0 0.110008 0.317125 0.014079 0.058821
0 0.858655 0.419903 0.019988 0.080903
0 0.492227 0.529960 0.019338 0.104907
0 0.923643 0.396626 0.025062 0.092207
0 0.332779 0.418216 0.013176 0.061921
0 0.623680 0.445484 0.022920 0.091727
0 0.667801 0.474584 0.018629 0.097050
0 0.304586 0.407713 0.016687 0.080152
0 0.725366 0.486574 0.017604 0.066506
0 0.416884 0.525497 0.014176 0.077058
0 0.598005 0.437815 0.017623 0.085566
0 0.771572 0.448227 0.021270 0.090328
0 0.710741 0.470684 0.019241 0.084523
0 0.443042 0.408738 0.013479 0.076814
0 0.478969 0.511939 0.018440 0.110297
0 0.426798 0.415361 0.014407 0.065347
0 0.402865 0.537011 0.019217 0.064524
0 0.455621 0.513210 0.021451 0.112052
0 0.080326 0.273534 0.013691 0.028867
0 0.289499 0.412723 0.015724 0.078335
0 0.234844 0.280772 0.012203 0.051221
0 0.252368 0.281562 0.013954 0.043721
0 0.893294 0.344655 0.015748 0.058650
