0 0.465091 0.689092 0.037541 0.108193
0 0.523854 0.751654 0.058794 0.135083
0 0.227430 0.043560 0.013478 0.066563
0 0.197926 0.047094 0.015742 0.076429
0 0.201155 0.044961 0.018758 0.077803
0 0.206425 0.043258 0.013910 0.077018
0 0.941083 0.066290 0.021106 0.121571
0 0.256519 0.035696 0.013111 0.069841
0 0.242390 0.040238 0.010618 0.059821
0 0.224660 0.042578 0.016866 0.069723
0 0.991863 0.095978 0.015606 0.110918
0 0.244258 0.037930 0.011697 0.063012
0 0.260279 0.034808 0.012317 0.068958
0 0.964664 0.073762 0.027760 0.127657
0 0.280843 0.036859 0.010759 0.062887
0 0.318026 0.030937 0.015132 0.056197
