0 0.159453 0.630218 0.048241 0.146776
0 0.346199 0.477249 0.032815 0.115857
0 0.574536 0.384036 0.024261 0.085579
0 0.895601 0.471538 0.021498 0.063046
0 0.431229 0.377536 0.015469 0.100431
0 0.179590 0.336253 0.016398 0.076852
0 0.255441 0.588719 0.045328 0.109456
0 0.990771 0.374339 0.014867 0.039166
0 0.773469 0.303819 0.020102 0.035431
0 0.268761 0.373038 0.017544 0.084011
0 0.191404 0.459416 0.023532 0.107684
0 0.186457 0.467779 0.026853 0.118921
0 0.145096 0.448974 0.022687 0.085714
0 0.593229 0.355385 0.039754 0.090018
0 0.963384 0.529217 0.046654 0.061010
0 0.848748 0.308048 0.017373 0.036583
0 0.254162 0.507265 0.027159 0.087847
0 0.271789 0.491834 0.023298 0.110687
0 0.108320 0.534474 0.030807 0.086524
0 0.044296 0.353450 0.018054 0.059486
0 0.119081 0.370412 0.016404 0.076035
