0 0.475252 0.257103 0.185204 0.152899
0 0.757366 0.308560 0.206008 0.147087
0 0.639630 0.845040 0.152637 0.161953
0 0.767032 0.462616 0.156199 0.138292
0 0.654643 0.686521 0.197637 0.170486
0 0.251118 0.214340 0.150740 0.172585
0 0.657864 0.646736 0.194362 0.244090
0 0.371222 0.554602 0.068115 0.080555
0 0.228338 0.184740 0.105094 0.110826
0 0.451322 0.337415 0.127443 0.155753
0 0.433277 0.295901 0.091342 0.073579
0 0.348739 0.557771 0.112713 0.086867
0 0.688122 0.263296 0.066223 0.053233
0 0.440014 0.312789 0.105470 0.107703
0 0.622095 0.544371 0.092307 0.080639
0 0.614894 0.648657 0.096045 0.093950
