0 0.572775 0.559634 0.079709 0.127933
0 0.092879 0.612359 0.145672 0.169869
0 0.650417 0.484660 0.098847 0.084598
0 0.747618 0.472258 0.046978 0.073898
0 0.881469 0.962932 0.065466 0.073003
0 0.930631 0.856080 0.136021 0.160156
0 0.831322 0.429534 0.078368 0.063201
0 0.791603 0.339387 0.025886 0.041067
0 0.784046 0.337917 0.041877 0.044504
0 0.847135 0.441949 0.044744 0.036899
0 0.448121 0.385486 0.039012 0.047835
0 0.898996 0.297508 0.020234 0.020060
0 0.633349 0.473368 0.063992 0.062175
0 0.674405 0.504241 0.051475 0.044626
