0 0.391969 0.694777 0.062355 0.122973
0 0.156025 0.767484 0.049465 0.124910
0 0.839618 0.442386 0.025891 0.092672
0 0.528127 0.547914 0.023249 0.100408
0 0.168585 0.359488 0.013271 0.052515
0 0.378188 0.496210 0.031015 0.083559
0 0.426354 0.477757 0.023988 0.105588
0 0.648429 0.461473 0.020969 0.099226
0 0.536486 0.474264 0.019592 0.092799
0 0.906357 0.364300 0.012378 0.054485
0 0.507248 0.456743 0.017419 0.080544
0 0.016408 0.300307 0.016337 0.043560
0 0.445877 0.467110 0.020684 0.094935
0 0.005875 0.291459 0.011631 0.057638
0 0.682123 0.417347 0.014580 0.053212
0 0.947153 0.362622 0.017500 0.066102
0 0.971996 0.432016 0.020363 0.076177
0 0.950014 0.363289 0.016181 0.068025
0 0.477191 0.437993 0.015231 0.084944
0 0.802835 0.340394 0.016502 0.060381
0 0.318746 0.450264 0.012601 0.067054
0 0.975263 0.429597 0.017438 0.072693
0 0.967169 0.373357 0.015253 0.061271
0 0.344868 0.357217 0.013527 0.069726
0 0.153351 0.289324 0.012309 0.053508
0 0.367917 0.373309 0.012366 0.054089
0 0.922252 0.358746 0.014690 0.062702
0 0.009751 0.294305 0.019040 0.055495
0 0.142948 0.290250 0.012169 0.053269
0 0.493546 0.446781 0.016759 0.086716
0 0.937682 0.360502 0.012975 0.066251
0 0.933623 0.360053 0.012858 0.063624
0 0.635946 0.409581 0.014101 0.073149
0 0.424664 0.557727 0.020826 0.094189
