0 0.179394 0.755527 0.059351 0.132279
0 0.379757 0.688057 0.057767 0.129300
0 0.532330 0.541506 0.034584 0.108162
0 0.909953 0.355385 0.016692 0.077478
0 0.852109 0.438416 0.025727 0.092181
0 0.179054 0.361532 0.016919 0.052243
0 0.385540 0.494996 0.023772 0.092164
0 0.430392 0.469000 0.024706 0.093246
0 0.433228 0.552302 0.022158 0.102766
0 0.935445 0.360759 0.016376 0.067468
0 0.956534 0.371743 0.016408 0.074763
0 0.652443 0.465791 0.020002 0.104536
0 0.459915 0.468693 0.021364 0.098455
0 0.547544 0.473971 0.017836 0.091164
0 0.343358 0.358397 0.013902 0.072413
0 0.938369 0.360786 0.017168 0.066704
0 0.014673 0.301677 0.017301 0.046274
0 0.944800 0.363948 0.011908 0.066308
0 0.509412 0.454119 0.018750 0.090056
0 0.335516 0.454469 0.015103 0.064032
0 0.323110 0.459629 0.012518 0.065059
0 0.993244 0.410466 0.012812 0.072640
0 0.330373 0.363535 0.011375 0.065460
0 0.682921 0.420427 0.014094 0.055280
0 0.858573 0.354211 0.016129 0.076847
0 0.493724 0.448963 0.017604 0.095585
0 0.803843 0.341527 0.016645 0.060616
0 0.590175 0.386134 0.015404 0.066019
0 0.550826 0.469630 0.016096 0.092488
