0 0.424006 0.553767 0.107483 0.659339
0 0.304452 0.507765 0.133583 0.696770
0 0.119650 0.462689 0.094671 0.434418
0 0.679210 0.404391 0.056021 0.349425
0 0.863722 0.497280 0.130326 0.463194
0 0.525210 0.488965 0.119397 0.653437
0 0.760989 0.378589 0.078042 0.257879
0 0.850990 0.352015 0.030023 0.139863
0 0.966526 0.400556 0.029453 0.141002
0 0.984999 0.414670 0.023139 0.107722
0 0.395124 0.273832 0.055765 0.153989
0 0.942553 0.357850 0.019771 0.095589
0 0.350827 0.478278 0.043388 0.501638
0 0.851320 0.332769 0.028792 0.098748
0 0.395751 0.492848 0.057223 0.590956
0 0.879565 0.322562 0.023905 0.056184
0 0.349160 0.315725 0.040148 0.169237
0 0.933909 0.358474 0.016119 0.089485
0 0.871810 0.329622 0.016886 0.071671
0 0.982090 0.892841 0.034951 0.118257
0 0.467810 0.429763 0.041448 0.473674
0 0.969611 0.378808 0.022007 0.097007
0 0.939119 0.360461 0.025256 0.099126
0 0.364391 0.486817 0.077129 0.548297
