0 0.326322 0.879046 0.024732 0.094540
0 0.621642 0.822569 0.018955 0.089857
0 0.320481 0.553420 0.016048 0.070349
0 0.497377 0.743742 0.021856 0.111091
0 0.342656 0.572239 0.013383 0.051828
0 0.648511 0.649359 0.016230 0.056997
0 0.566148 0.609939 0.013166 0.061391
0 0.929956 0.519663 0.019936 0.057383
0 0.307619 0.566253 0.014195 0.065082
0 0.651330 0.443932 0.013432 0.067828
0 0.480849 0.714771 0.017784 0.086661
0 0.405074 0.793965 0.015120 0.066969
0 0.249050 0.474973 0.017297 0.065405
0 0.600971 0.633923 0.018501 0.068538
0 0.387761 0.787621 0.015656 0.060702
0 0.444484 0.549888 0.012469 0.064596
0 0.481356 0.527432 0.013010 0.065727
0 0.215243 0.478559 0.017497 0.059598
0 0.132526 0.567024 0.019490 0.047375
0 0.243543 0.316280 0.014824 0.048239
0 0.500424 0.725389 0.022641 0.093674
0 0.541177 0.631834 0.016849 0.043886
0 0.877212 0.487585 0.022484 0.076437
0 0.618995 0.629970 0.019110 0.061412
0 0.449857 0.628286 0.017963 0.084272
0 0.958990 0.507082 0.020653 0.062148
0 0.879226 0.478861 0.018660 0.059166
0 0.970976 0.518744 0.026837 0.077904
0 0.451163 0.616048 0.021019 0.088868
0 0.262408 0.314148 0.014885 0.045430
0 0.461055 0.692960 0.018213 0.088815
0 0.091352 0.301662 0.016099 0.031398
0 0.520266 0.529078 0.014455 0.069757
0 0.817602 0.472542 0.019341 0.060619
0 0.974794 0.518199 0.020460 0.074764
