0 0.136737 0.805792 0.054852 0.134708
0 0.388823 0.714357 0.062565 0.116524
0 0.822237 0.448197 0.025896 0.094002
0 0.399692 0.494931 0.024060 0.107695
0 0.524196 0.575186 0.033562 0.091243
0 0.426440 0.563638 0.044289 0.088228
0 0.365881 0.500899 0.020927 0.106073
0 0.521494 0.485911 0.023492 0.119702
0 0.904159 0.360273 0.014391 0.054234
0 0.149124 0.355710 0.015260 0.051653
0 0.929098 0.353336 0.014159 0.060976
0 0.641346 0.454713 0.018185 0.090446
0 0.419399 0.436095 0.020809 0.097929
0 0.852807 0.351228 0.017264 0.076700
0 0.977897 0.363610 0.019361 0.061876
0 0.017812 0.297000 0.013328 0.045512
0 0.458707 0.436916 0.015018 0.081209
0 0.944309 0.354891 0.016762 0.064030
0 0.679010 0.409996 0.014051 0.056008
0 0.630980 0.403109 0.014672 0.072102
0 0.311260 0.432940 0.011126 0.060939
0 0.568280 0.375934 0.016207 0.067736
0 0.154571 0.282729 0.014441 0.054318
0 0.504187 0.445691 0.018888 0.086591
0 0.366200 0.367259 0.011739 0.048889
0 0.489798 0.435960 0.017049 0.094839
0 0.006173 0.292682 0.012169 0.052664
0 0.342481 0.352646 0.015513 0.071187
