0 0.671296 0.850894 0.083657 0.272097
0 0.529474 0.749292 0.037251 0.140749
0 0.466633 0.661175 0.039420 0.238382
0 0.570726 0.823899 0.045210 0.140197
0 0.502724 0.671877 0.031543 0.155145
0 0.410342 0.746069 0.046224 0.145051
0 0.253877 0.580902 0.032030 0.123820
0 0.532683 0.878077 0.047489 0.158988
0 0.163729 0.527288 0.037504 0.112455
0 0.540772 0.649487 0.033589 0.110072
0 0.655777 0.769014 0.044459 0.154043
0 0.470864 0.674994 0.033902 0.207971
0 0.599039 0.740228 0.027732 0.148757
0 0.628805 0.741032 0.032923 0.153098
0 0.361501 0.549841 0.029395 0.147393
0 0.408043 0.568858 0.031759 0.140939
0 0.593893 0.745130 0.038619 0.147703
0 0.569859 0.679153 0.046602 0.131858
0 0.430144 0.623484 0.040346 0.182395
0 0.209319 0.490331 0.033736 0.119824
0 0.031185 0.367914 0.019630 0.060932
