0 0.543061 0.652916 0.011791 0.038541
0 0.585134 0.806682 0.013721 0.055864
0 0.370639 0.544655 0.014612 0.040626
0 0.714850 0.361848 0.013932 0.052512
0 0.462075 0.648966 0.011595 0.039731
0 0.517600 0.667688 0.016297 0.049339
0 0.605286 0.558717 0.015618 0.048014
0 0.356648 0.599810 0.013206 0.057815
0 0.656462 0.585463 0.013704 0.056707
0 0.877586 0.709918 0.022734 0.045920
0 0.671200 0.576022 0.016839 0.041984
0 0.503164 0.753103 0.013778 0.042630
0 0.502663 0.716396 0.016052 0.067346
0 0.493502 0.786256 0.016887 0.047905
