0 0.527852 0.707900 0.040314 0.169658
0 0.469687 0.631795 0.031730 0.165997
0 0.371282 0.478598 0.026104 0.135908
0 0.645140 0.592586 0.035282 0.153919
0 0.600521 0.792452 0.032623 0.226507
0 0.342817 0.629795 0.025506 0.161946
0 0.135930 0.321779 0.021076 0.093992
0 0.293989 0.399789 0.039410 0.136513
0 0.575882 0.589378 0.030093 0.143051
0 0.168539 0.405298 0.022794 0.082514
0 0.416606 0.836565 0.050106 0.244465
0 0.412681 0.343811 0.035389 0.159078
0 0.600906 0.760962 0.034949 0.177902
0 0.409906 0.852613 0.059073 0.202907
