0 0.843529 0.150956 0.025188 0.123454
0 0.981786 0.304165 0.025436 0.085662
0 0.720530 0.200875 0.030942 0.137152
0 0.816582 0.179114 0.030539 0.090457
0 0.635999 0.195271 0.025639 0.129686
0 0.379890 0.176465 0.027588 0.141418
0 0.809612 0.242012 0.028747 0.083484
0 0.654900 0.170890 0.028866 0.153283
0 0.226949 0.110001 0.029853 0.102811
0 0.049905 0.278600 0.024022 0.076888
0 0.714236 0.061231 0.018959 0.097445
0 0.936817 0.211871 0.023426 0.066076
0 0.427902 0.248011 0.043594 0.147330
0 0.773837 0.155466 0.026286 0.103235
0 0.257380 0.203164 0.019076 0.067954
0 0.552580 0.093184 0.028926 0.132389
0 0.330052 0.122535 0.022779 0.098725
0 0.894692 0.090712 0.019205 0.084749
0 0.925477 0.275688 0.026113 0.076683
0 0.258174 0.219088 0.022454 0.102709
0 0.292703 0.267154 0.034408 0.136667
0 0.364838 0.034650 0.017701 0.068855
0 0.743964 0.210139 0.031994 0.112347
0 0.159502 0.185867 0.021141 0.087449
