0 0.389360 0.824152 0.041586 0.165294
0 0.453881 0.478988 0.034826 0.116344
0 0.870331 0.640163 0.043714 0.123073
0 0.424877 0.533981 0.026880 0.100522
0 0.676507 0.350356 0.018576 0.062270
0 0.790311 0.300053 0.034744 0.061034
0 0.656288 0.218207 0.015456 0.036244
0 0.880060 0.338739 0.017487 0.046023
0 0.393146 0.145788 0.008649 0.027017
0 0.430170 0.135291 0.010648 0.033876
0 0.324891 0.273690 0.016695 0.048560
0 0.155841 0.284979 0.016980 0.056710
0 0.736173 0.479056 0.015812 0.044837
0 0.969296 0.475216 0.036864 0.128632
0 0.617098 0.534620 0.023986 0.059717
0 0.314642 0.235420 0.015419 0.075303
0 0.986101 0.938973 0.026784 0.059771
0 0.413633 0.168225 0.011681 0.028632
0 0.972458 0.465999 0.029712 0.111192
0 0.965092 0.485939 0.044916 0.152799
0 0.652718 0.218678 0.022216 0.036324
0 0.320043 0.244235 0.024176 0.097698
0 0.933374 0.324387 0.032134 0.039073
0 0.931372 0.330436 0.035426 0.032789
0 0.967314 0.541502 0.039783 0.071731
