0 0.144746 0.867148 0.051282 0.174825
0 0.688055 0.569995 0.023943 0.116916
0 0.397571 0.754058 0.046585 0.145473
0 0.168667 0.407677 0.013784 0.058715
0 0.392795 0.626935 0.034194 0.144493
0 0.561608 0.588151 0.029402 0.133396
0 0.356713 0.637450 0.024008 0.143111
0 0.431869 0.523025 0.019768 0.100573
0 0.298080 0.559267 0.029134 0.079080
0 0.520560 0.538907 0.022524 0.105075
0 0.353326 0.519237 0.017357 0.076679
0 0.490655 0.546164 0.024242 0.142460
0 0.943408 0.419146 0.017746 0.080356
0 0.607808 0.433267 0.018731 0.088110
0 0.676541 0.470108 0.017863 0.086268
0 0.727012 0.479838 0.018137 0.064150
0 0.755686 0.428222 0.017863 0.084454
0 0.107207 0.307875 0.014159 0.067031
0 0.311611 0.402242 0.016662 0.079459
0 0.919496 0.395171 0.020739 0.088677
0 0.980204 0.404326 0.015702 0.061072
0 0.296775 0.404629 0.015507 0.078221
0 0.699326 0.464779 0.017659 0.088533
0 0.474043 0.502858 0.017540 0.076407
0 0.335273 0.422135 0.013033 0.062182
0 0.364685 0.637642 0.040706 0.141989
