0 0.703472 0.666979 0.028544 0.089167
0 0.130316 0.704233 0.030946 0.086585
0 0.249220 0.737056 0.039648 0.112165
0 0.722260 0.565752 0.021830 0.087759
0 0.449394 0.691133 0.025405 0.110726
0 0.543186 0.639871 0.022927 0.112352
0 0.477895 0.665513 0.022171 0.119791
0 0.700564 0.564459 0.022300 0.092347
0 0.430639 0.742453 0.029349 0.101334
0 0.101603 0.780216 0.036154 0.086535
0 0.570485 0.474429 0.017261 0.072872
0 0.434363 0.342478 0.014328 0.049680
0 0.787063 0.967934 0.035309 0.064131
0 0.326819 0.304110 0.016129 0.045780
0 0.422124 0.484573 0.019077 0.081164
0 0.706901 0.437008 0.014287 0.058495
0 0.555414 0.536000 0.022793 0.094487
0 0.779322 0.407375 0.014822 0.069904
0 0.708340 0.449317 0.017140 0.083658
0 0.919206 0.726119 0.015051 0.042665
0 0.990714 0.477017 0.017829 0.060754
0 0.341006 0.696678 0.023286 0.097090
0 0.067513 0.486917 0.014543 0.044374
0 0.179264 0.550434 0.017399 0.066661
0 0.704707 0.460264 0.021649 0.100726
0 0.768192 0.412403 0.014277 0.068980
0 0.699974 0.486052 0.018655 0.063428
0 0.716259 0.454160 0.012417 0.067319
0 0.588829 0.553090 0.017307 0.082647
0 0.209046 0.550117 0.022674 0.060653
0 0.383911 0.759662 0.018921 0.077584
0 0.716027 0.457188 0.017334 0.073413
0 0.068196 0.495544 0.016464 0.061362
0 0.719200 0.563956 0.030791 0.092573
0 0.307842 0.711544 0.019384 0.058178
0 0.376116 0.980580 0.025511 0.034583
0 0.590558 0.476466 0.020513 0.087393
0 0.368095 0.728360 0.031671 0.096081
0 0.312149 0.727989 0.028879 0.089992
0 0.399404 0.625753 0.023731 0.065732
0 0.213584 0.612974 0.027230 0.087128
0 0.570126 0.619671 0.022952 0.104212
0 0.614665 0.441040 0.019011 0.070596
