0 0.719413 0.435206 0.022031 0.069736
0 0.554650 0.288730 0.014105 0.069301
0 0.854525 0.865747 0.041105 0.117139
0 0.369767 0.224508 0.009377 0.051870
0 0.017709 0.306730 0.011539 0.037920
0 0.291488 0.240557 0.014212 0.055680
0 0.432948 0.237064 0.015567 0.086557
0 0.455636 0.245989 0.014361 0.058085
0 0.621706 0.251654 0.014292 0.083434
0 0.516822 0.270632 0.012732 0.067294
0 0.531099 0.274985 0.012777 0.067140
0 0.623244 0.245389 0.013781 0.071748
0 0.602782 0.247907 0.010947 0.055625
0 0.417395 0.189962 0.008829 0.040002
0 0.370936 0.227885 0.010717 0.058998
0 0.581552 0.256531 0.016801 0.079905
0 0.634535 0.268089 0.014571 0.064409
0 0.602983 0.239976 0.011205 0.041876
