0 0.941327 0.654510 0.116850 0.564104
0 0.774670 0.387291 0.060880 0.230214
0 0.831636 0.483259 0.101895 0.403482
0 0.669039 0.396790 0.063955 0.291750
0 0.419256 0.489998 0.087403 0.478358
0 0.510902 0.454352 0.110867 0.532698
0 0.338294 0.437583 0.086574 0.519909
0 0.213968 0.386153 0.058593 0.340514
0 0.406309 0.273920 0.037416 0.109208
0 0.931253 0.413670 0.039466 0.168310
0 0.553613 0.479830 0.047990 0.330541
0 0.447521 0.268950 0.047125 0.129006
0 0.957074 0.410334 0.034579 0.117981
0 0.531673 0.235941 0.007297 0.025384
0 0.948266 0.411389 0.051814 0.122998
0 0.300452 0.476433 0.030079 0.220096
0 0.943489 0.421532 0.061616 0.157721
0 0.445059 0.253288 0.041188 0.096818
