0 0.277376 0.859435 0.039981 0.154062
0 0.650570 0.699804 0.021288 0.111077
0 0.709445 0.587827 0.018320 0.066215
0 0.382479 0.667771 0.017155 0.070987
0 0.493771 0.644048 0.025614 0.104062
0 0.991920 0.475197 0.015462 0.071093
0 0.402752 0.672078 0.015907 0.067389
0 0.180469 0.495348 0.012912 0.055441
0 0.310060 0.492987 0.017037 0.081676
0 0.966000 0.483442 0.017387 0.059625
0 0.446667 0.602112 0.024304 0.139810
0 0.653679 0.558973 0.020099 0.084974
0 0.675460 0.554888 0.018606 0.085231
0 0.329371 0.509196 0.014113 0.060958
0 0.595640 0.596214 0.023006 0.107081
0 0.182024 0.415138 0.014945 0.063989
0 0.294540 0.499509 0.014467 0.075671
0 0.596653 0.452220 0.016604 0.082955
0 0.497132 0.497623 0.015489 0.071657
0 0.508321 0.615341 0.016443 0.083880
0 0.726429 0.560988 0.013968 0.074479
0 0.909301 0.467466 0.019731 0.084411
0 0.549276 0.502753 0.017243 0.074665
0 0.526899 0.516986 0.017409 0.087354
0 0.116467 0.302598 0.015511 0.056668
0 0.499660 0.557818 0.020747 0.059860
0 0.169709 0.418318 0.016273 0.069049
0 0.418441 0.549088 0.029256 0.090970
0 0.480386 0.606048 0.020559 0.092996
0 0.255092 0.335026 0.013106 0.047015
0 0.181110 0.415471 0.020706 0.068795
