0 0.486722 0.656375 0.025519 0.120617
0 0.673492 0.630204 0.033056 0.127647
0 0.252756 0.593506 0.035127 0.116924
0 0.301371 0.406313 0.016068 0.085902
0 0.351824 0.362447 0.017470 0.083253
0 0.370564 0.564341 0.032052 0.079838
0 0.954395 0.869801 0.048548 0.098893
0 0.460329 0.374599 0.013356 0.080259
0 0.441693 0.377997 0.015589 0.078684
0 0.203748 0.492346 0.020362 0.091247
0 0.475496 0.376372 0.017868 0.085575
0 0.415951 0.381297 0.014654 0.079833
0 0.090282 0.539312 0.024432 0.083334
0 0.323533 0.356891 0.015829 0.081317
0 0.161278 0.487275 0.028652 0.076493
0 0.616875 0.316112 0.009241 0.049586
0 0.744689 0.407744 0.014796 0.053585
0 0.228806 0.515547 0.023562 0.105909
0 0.660738 0.421605 0.019275 0.079881
0 0.267372 0.416905 0.015183 0.073895
0 0.679724 0.372698 0.013221 0.061344
0 0.375363 0.396479 0.019259 0.078430
0 0.005927 0.453454 0.011838 0.074704
0 0.145969 0.308139 0.014846 0.052302
0 0.962291 0.868307 0.033038 0.096136
0 0.577713 0.273344 0.009787 0.044314
0 0.615317 0.401535 0.014507 0.064327
0 0.402962 0.399129 0.016143 0.072994
0 0.068422 0.545439 0.023037 0.073379
0 0.065553 0.531889 0.019386 0.046071
0 0.727837 0.384920 0.014228 0.065174
