0 0.527792 0.587309 0.026856 0.091066
0 0.730239 0.480816 0.023241 0.079638
0 0.433738 0.670641 0.054257 0.097970
0 0.465739 0.504368 0.029037 0.083828
0 0.392959 0.458371 0.022739 0.091465
0 0.628053 0.397099 0.021488 0.080706
0 0.126255 0.336078 0.014330 0.046505
0 0.586736 0.357920 0.014361 0.068773
0 0.516793 0.393811 0.016947 0.058328
0 0.851873 0.339492 0.011130 0.051100
0 0.926328 0.370306 0.016584 0.069127
0 0.059205 0.302332 0.012250 0.070144
0 0.948586 0.355346 0.015397 0.045412
0 0.431544 0.552071 0.029497 0.059341
0 0.501356 0.386957 0.015692 0.063237
0 0.879178 0.398652 0.018499 0.061760
0 0.803052 0.332618 0.016419 0.070050
0 0.080987 0.286067 0.014781 0.042656
0 0.458620 0.378130 0.012671 0.060688
0 0.045731 0.281037 0.014104 0.052882
0 0.891495 0.336572 0.014021 0.052427
0 0.056802 0.296954 0.016664 0.078277
0 0.408023 0.415874 0.023868 0.072991
0 0.052562 0.294778 0.021889 0.083559
0 0.287311 0.679461 0.038072 0.050087
0 0.877211 0.337658 0.016427 0.059561
0 0.987394 0.310614 0.011787 0.052375
0 0.656411 0.372173 0.012664 0.050858
0 0.630249 0.386074 0.017598 0.101120
0 0.618693 0.366292 0.012527 0.054687
0 0.874436 0.337861 0.014885 0.058375
0 0.487823 0.382336 0.013473 0.064293
0 0.888707 0.339842 0.012189 0.055695
