0 0.579507 0.878228 0.043432 0.139724
0 0.475532 0.741924 0.033508 0.176878
0 0.407292 0.790793 0.053149 0.150353
0 0.536951 0.800682 0.037904 0.133460
0 0.171048 0.539024 0.031981 0.121058
0 0.255713 0.597067 0.040342 0.128579
0 0.664634 0.827829 0.042942 0.142607
0 0.534047 0.915832 0.043656 0.168336
0 0.547793 0.695118 0.035156 0.108824
0 0.435475 0.673939 0.033733 0.161285
0 0.367025 0.585518 0.029289 0.150384
0 0.636447 0.797818 0.030485 0.147226
0 0.704841 0.822920 0.038580 0.109794
0 0.608758 0.795702 0.028160 0.140133
0 0.509702 0.733346 0.029882 0.127666
0 0.467582 0.636349 0.030597 0.112278
0 0.329770 0.583408 0.037110 0.154597
0 0.666428 0.936920 0.038279 0.119128
0 0.439867 0.681524 0.030031 0.144961
0 0.678187 0.925043 0.059246 0.144907
0 0.213498 0.501566 0.030496 0.110771
0 0.362141 0.583119 0.026596 0.152421
