0 0.757752 0.563733 0.041871 0.154000
0 0.529067 0.693606 0.036539 0.183653
0 0.604578 0.599172 0.042847 0.137197
0 0.294585 0.521690 0.022101 0.111178
0 0.471484 0.599733 0.027840 0.151692
0 0.364903 0.741734 0.030897 0.152060
0 0.939148 0.864662 0.081267 0.268235
0 0.406088 0.402167 0.019184 0.090831
0 0.459772 0.960553 0.054634 0.077596
0 0.617009 0.797324 0.039251 0.147377
0 0.357827 0.515903 0.026811 0.129674
0 0.659551 0.612686 0.049654 0.157409
0 0.523024 0.327119 0.026824 0.145556
0 0.107200 0.461943 0.038477 0.157059
0 0.407905 0.401541 0.027337 0.094346
0 0.351448 0.514920 0.041612 0.129940
0 0.296887 0.513307 0.027225 0.130225
0 0.098426 0.427337 0.021625 0.054434
