0 0.953163 0.690715 0.092554 0.127981
0 0.670167 0.472530 0.062124 0.093163
0 0.594077 0.827701 0.116731 0.340338
0 0.627092 0.501285 0.064616 0.085397
0 0.544662 0.531233 0.060387 0.099343
0 0.924382 0.424753 0.019930 0.028067
0 0.819226 0.649754 0.067109 0.091641
0 0.501836 0.379796 0.023221 0.046208
0 0.582727 0.778156 0.093220 0.238978
0 0.800276 0.614116 0.094036 0.131574
0 0.859931 0.542968 0.073405 0.060568
0 0.837614 0.652013 0.030842 0.088672
0 0.848542 0.533699 0.099071 0.095625
0 0.664676 0.462375 0.052456 0.075086
0 0.792097 0.603434 0.079272 0.113105
0 0.738231 0.232558 0.014281 0.037010
0 0.811379 0.638658 0.115778 0.173431
