0 0.097192 0.784182 0.054106 0.092832
0 0.372307 0.692822 0.048642 0.097126
0 0.512733 0.568827 0.033768 0.086358
0 0.137024 0.345760 0.011885 0.049026
0 0.777396 0.455077 0.026312 0.090956
0 0.492943 0.462883 0.022955 0.126439
0 0.668453 0.394864 0.013290 0.054926
0 0.389368 0.488399 0.018904 0.100115
0 0.425208 0.395516 0.019207 0.082041
0 0.879600 0.399082 0.017308 0.057544
0 0.443098 0.563066 0.032781 0.090187
0 0.433339 0.565226 0.051550 0.093027
0 0.908872 0.345144 0.013519 0.062437
0 0.459148 0.413494 0.014172 0.076304
0 0.631969 0.436125 0.019358 0.093888
0 0.835296 0.341431 0.015493 0.075145
0 0.017808 0.289226 0.016210 0.050808
0 0.371623 0.478669 0.019917 0.093813
0 0.961065 0.343746 0.016243 0.064450
0 0.324244 0.410891 0.012685 0.061572
0 0.886530 0.348937 0.011120 0.052598
0 0.959536 0.349194 0.013054 0.051441
0 0.980165 0.394349 0.019675 0.063562
0 0.038666 0.294752 0.015104 0.037949
0 0.342808 0.411821 0.014108 0.058884
0 0.919739 0.351718 0.012417 0.055846
0 0.448126 0.346158 0.010781 0.053025
0 0.927185 0.345297 0.012778 0.061688
0 0.978825 0.402470 0.017279 0.047899
