0 0.296369 0.874950 0.033488 0.121634
0 0.648914 0.745718 0.022054 0.108533
0 0.375331 0.705692 0.018634 0.071137
0 0.664439 0.585778 0.018305 0.081808
0 0.956100 0.505418 0.018268 0.060604
0 0.398909 0.715606 0.014066 0.069462
0 0.645162 0.592136 0.021720 0.082827
0 0.601486 0.609540 0.022409 0.096980
0 0.308997 0.520406 0.016315 0.079453
0 0.328027 0.536295 0.012479 0.056890
0 0.504202 0.645382 0.016358 0.081302
0 0.604217 0.466845 0.016728 0.079620
0 0.294775 0.528280 0.014980 0.074655
0 0.117115 0.310010 0.016114 0.049139
0 0.175524 0.524799 0.021368 0.055713
0 0.989708 0.498378 0.019781 0.078021
0 0.701982 0.621254 0.015608 0.065691
0 0.497234 0.530496 0.012988 0.066840
0 0.442352 0.637313 0.020761 0.108175
0 0.173382 0.518505 0.017828 0.041896
0 0.992676 0.504074 0.013995 0.079249
0 0.702281 0.596568 0.016948 0.096485
0 0.255416 0.346438 0.012047 0.048497
0 0.518976 0.545842 0.016055 0.079577
0 0.902249 0.486076 0.018154 0.083381
0 0.237970 0.343818 0.013133 0.051657
0 0.700960 0.613030 0.017947 0.081550
0 0.985736 0.498821 0.020974 0.064485
0 0.544310 0.521519 0.016682 0.074546
