0 0.528824 0.577326 0.036377 0.067107
0 0.723553 0.503792 0.022074 0.054521
0 0.468168 0.630392 0.041097 0.061642
0 0.416375 0.565237 0.033420 0.062426
0 0.204669 0.316586 0.008546 0.036107
0 0.433598 0.480839 0.018996 0.063201
0 0.418861 0.333852 0.016184 0.080434
0 0.421401 0.477614 0.015350 0.067049
0 0.469480 0.349639 0.009978 0.046977
0 0.633845 0.346521 0.009595 0.039410
0 0.445291 0.349932 0.013049 0.049734
0 0.655461 0.346827 0.011735 0.050156
0 0.536132 0.327717 0.011129 0.046322
0 0.753918 0.379726 0.010004 0.046991
0 0.160780 0.295774 0.015791 0.062010
0 0.456839 0.318316 0.011981 0.046570
0 0.830598 0.323823 0.008003 0.045285
0 0.483973 0.487704 0.032399 0.056826
0 0.613912 0.362346 0.012213 0.071585
0 0.846162 0.400213 0.014323 0.049364
0 0.818937 0.325443 0.009468 0.042307
0 0.865605 0.328832 0.010129 0.039129
0 0.404861 0.316551 0.010672 0.046084
0 0.406641 0.326093 0.012428 0.066772
0 0.157276 0.292984 0.016459 0.059432
0 0.613343 0.369387 0.012145 0.054413
0 0.255127 0.268608 0.011629 0.043103
0 0.614560 0.350877 0.012131 0.065506
