0 0.834388 0.486842 0.022904 0.082818
0 0.316278 0.244236 0.013272 0.065839
0 0.295608 0.258583 0.018015 0.068112
0 0.406533 0.232568 0.012955 0.063995
0 0.529874 0.273290 0.020140 0.098544
0 0.457836 0.185953 0.011136 0.051855
0 0.666031 0.324815 0.016048 0.080085
0 0.421435 0.225456 0.010202 0.059446
0 0.308203 0.140547 0.011054 0.041665
0 0.735950 0.291703 0.015458 0.070498
0 0.659353 0.238822 0.010843 0.054374
0 0.495189 0.202153 0.015679 0.053105
0 0.807848 0.348371 0.020624 0.048653
0 0.692216 0.263902 0.012292 0.054419
0 0.494660 0.263380 0.016790 0.079687
0 0.629936 0.211908 0.013256 0.067251
0 0.168709 0.221746 0.011072 0.048093
0 0.442475 0.216281 0.009602 0.048778
0 0.544671 0.253739 0.012446 0.074830
0 0.693430 0.257414 0.011147 0.040250
0 0.631553 0.306608 0.012269 0.063228
0 0.660912 0.236259 0.010821 0.054874
