0 0.849332 0.313893 0.053648 0.173709
0 0.280594 0.409070 0.086113 0.126719
0 0.413806 0.247297 0.063734 0.241093
0 0.523771 0.656247 0.322292 0.153216
0 0.796675 0.283904 0.042908 0.193236
0 0.887534 0.304601 0.049049 0.156118
0 0.419984 0.690007 0.113467 0.075244
0 0.043530 0.298935 0.059175 0.172507
0 0.338620 0.357700 0.052825 0.189562
0 0.122531 0.334240 0.087279 0.143244
0 0.878998 0.219732 0.046831 0.093984
0 0.685525 0.373908 0.049142 0.092271
0 0.019072 0.431829 0.037616 0.138271
0 0.468935 0.283864 0.051839 0.166182
0 0.643532 0.379658 0.055008 0.091548
0 0.272142 0.287298 0.063775 0.201276
0 0.512931 0.393144 0.062641 0.094716
0 0.951978 0.276953 0.051498 0.200705
0 0.420940 0.400607 0.043812 0.099986
0 0.778071 0.369022 0.053933 0.084407
0 0.469098 0.392933 0.061405 0.107019
0 0.596479 0.216422 0.055079 0.179713
0 0.054687 0.421470 0.074054 0.132606
0 0.549413 0.299724 0.053554 0.126415
0 0.223106 0.406300 0.065666 0.124409
0 0.751240 0.287019 0.042158 0.122059
