0 0.399589 0.641090 0.042117 0.150377
0 0.186658 0.790553 0.053248 0.156292
0 0.678755 0.568503 0.024956 0.113588
0 0.179223 0.414565 0.013859 0.063038
0 0.981705 0.409308 0.017673 0.061545
0 0.350712 0.562036 0.033368 0.122562
0 0.725565 0.487535 0.018758 0.068782
0 0.103536 0.319533 0.013631 0.056183
0 0.920354 0.401300 0.019366 0.082449
0 0.876364 0.423557 0.020987 0.076075
0 0.709961 0.476145 0.020033 0.086734
0 0.379149 0.558012 0.030738 0.120045
0 0.542825 0.573190 0.024202 0.128507
0 0.528841 0.593913 0.028791 0.116603
0 0.088301 0.320583 0.014828 0.063439
0 0.622966 0.445618 0.022111 0.091359
0 0.304622 0.407597 0.017353 0.080045
0 0.458675 0.527760 0.020745 0.128511
0 0.880041 0.343893 0.014939 0.055677
0 0.852649 0.389895 0.019083 0.098081
0 0.491857 0.529854 0.021464 0.108297
0 0.411422 0.528204 0.014756 0.078850
0 0.334490 0.419665 0.012878 0.052673
0 0.601980 0.438549 0.015544 0.080579
0 0.664390 0.475056 0.019908 0.086384
0 0.767565 0.442680 0.018077 0.088195
0 0.440171 0.524697 0.019379 0.108876
0 0.544305 0.483993 0.022036 0.091151
0 0.289750 0.413835 0.017091 0.080010
0 0.923363 0.396007 0.024701 0.093286
0 0.443290 0.409561 0.014359 0.076521
0 0.479441 0.521349 0.016817 0.111165
0 0.930182 0.365706 0.011106 0.036367
0 0.929755 0.369868 0.013772 0.042423
0 0.520210 0.432337 0.016147 0.098603
