0 0.224447 0.478263 0.050450 0.226038
0 0.517568 0.720183 0.085954 0.280219
0 0.150882 0.326083 0.032632 0.123413
0 0.838341 0.835705 0.113988 0.234458
0 0.669248 0.730314 0.072113 0.279952
0 0.400944 0.648346 0.045958 0.206979
0 0.635681 0.626443 0.062753 0.273610
0 0.506932 0.461818 0.029892 0.181301
0 0.813626 0.362357 0.035306 0.131735
0 0.602248 0.525462 0.047938 0.197286
0 0.549759 0.516918 0.033520 0.195729
0 0.176641 0.249947 0.024504 0.078861
0 0.722266 0.528616 0.053088 0.196333
0 0.641634 0.444170 0.042423 0.182099
0 0.015803 0.265829 0.019899 0.077094
0 0.030976 0.258797 0.018742 0.089359
0 0.542795 0.369519 0.029496 0.159873
0 0.770592 0.603138 0.063302 0.182944
0 0.597963 0.313331 0.027095 0.141218
0 0.465404 0.357746 0.027835 0.151892
0 0.198249 0.215647 0.018617 0.074843
0 0.752468 0.410941 0.041741 0.142009
0 0.063779 0.233781 0.019073 0.066462
0 0.683332 0.385125 0.024230 0.127069
0 0.696663 0.483256 0.035045 0.159571
0 0.878621 0.552070 0.039104 0.151678
0 0.852266 0.613589 0.091347 0.285254
0 0.310871 0.187413 0.024479 0.090630
0 0.430846 0.292096 0.022360 0.096849
0 0.838639 0.673024 0.053894 0.161298
