0 0.397615 0.492613 0.025285 0.112844
0 0.113646 0.812272 0.055794 0.134175
0 0.798285 0.453803 0.026640 0.084998
0 0.365107 0.493225 0.025856 0.098126
0 0.381065 0.700549 0.056822 0.090403
0 0.526277 0.582565 0.032653 0.111222
0 0.140331 0.351328 0.016236 0.049238
0 0.416984 0.411141 0.020455 0.090592
0 0.841629 0.345854 0.015899 0.082443
0 0.443494 0.575898 0.021010 0.097223
0 0.894011 0.357073 0.012685 0.053658
0 0.956183 0.346127 0.013866 0.064688
0 0.334672 0.420962 0.013150 0.061270
0 0.672220 0.403764 0.013170 0.054707
0 0.934847 0.352063 0.014445 0.061016
0 0.437960 0.574533 0.030868 0.095431
0 0.931507 0.354666 0.016065 0.060647
0 0.502258 0.476182 0.023938 0.096753
0 0.317137 0.420493 0.012471 0.061519
0 0.991445 0.401599 0.016334 0.070591
0 0.896889 0.403751 0.019646 0.066237
0 0.636107 0.450142 0.019007 0.095146
0 0.917829 0.349174 0.012928 0.066111
0 0.367703 0.361215 0.011691 0.051458
0 0.345989 0.350611 0.013901 0.065189
0 0.980831 0.358836 0.014246 0.059395
0 0.458760 0.425997 0.016059 0.080593
