0 0.226945 0.439826 0.045884 0.216526
0 0.385954 0.537566 0.039543 0.186446
0 0.020190 0.462594 0.039624 0.147257
0 0.488612 0.590545 0.060018 0.260539
0 0.165127 0.291838 0.027450 0.112342
0 0.611383 0.606730 0.048176 0.266890
0 0.567326 0.458311 0.042129 0.179747
0 0.588890 0.523532 0.046176 0.243506
0 0.720959 0.367279 0.032856 0.145172
0 0.484551 0.386236 0.026804 0.142003
0 0.721848 0.511912 0.048897 0.184216
0 0.803621 0.363051 0.038392 0.135672
0 0.672158 0.461963 0.049119 0.185598
0 0.759337 0.718347 0.062000 0.198847
0 0.505257 0.315951 0.028411 0.147866
0 0.410854 0.305128 0.032614 0.133712
0 0.521546 0.443156 0.026098 0.166298
0 0.049382 0.235123 0.023947 0.084799
0 0.034248 0.240734 0.021164 0.073012
0 0.845706 0.921106 0.123278 0.157787
0 0.078762 0.220574 0.015899 0.053139
0 0.649554 0.353960 0.026060 0.139601
0 0.485057 0.597986 0.041173 0.244612
0 0.053408 0.231709 0.027480 0.082466
0 0.575517 0.280735 0.026360 0.128134
0 0.609505 0.379297 0.031973 0.139881
0 0.771101 0.729264 0.085976 0.181989
0 0.424129 0.253455 0.024558 0.117812
