0 0.379604 0.859271 0.048740 0.119610
0 0.478728 0.830620 0.039100 0.173489
0 0.712023 0.943935 0.043181 0.112018
0 0.541178 0.916709 0.038030 0.129324
0 0.676031 0.935301 0.044397 0.127317
0 0.645735 0.907424 0.040359 0.139271
0 0.568816 0.963766 0.039333 0.072468
0 0.550182 0.806607 0.036526 0.119427
0 0.156693 0.583952 0.039791 0.113377
0 0.610908 0.899688 0.031663 0.133885
0 0.355521 0.665002 0.026634 0.151916
0 0.533863 0.925449 0.053386 0.144664
0 0.437138 0.786203 0.029462 0.132572
0 0.244781 0.680124 0.039094 0.128194
0 0.461571 0.784332 0.027859 0.202189
0 0.515547 0.822591 0.034518 0.164499
0 0.024519 0.411334 0.023064 0.085529
0 0.881292 0.969207 0.015806 0.055565
0 0.462165 0.745529 0.026809 0.121912
0 0.507508 0.833575 0.022036 0.138280
0 0.689630 0.063634 0.017952 0.056602
0 0.641902 0.023532 0.021612 0.046860
