0 0.271345 0.821729 0.045184 0.124526
0 0.653597 0.672508 0.020815 0.111864
0 0.383753 0.646912 0.018359 0.074823
0 0.712390 0.565447 0.017192 0.066566
0 0.496754 0.620945 0.023603 0.109356
0 0.593114 0.572438 0.022458 0.099359
0 0.403194 0.647067 0.018803 0.068518
0 0.654498 0.542135 0.020778 0.086969
0 0.680535 0.534202 0.017537 0.085385
0 0.311327 0.475055 0.015081 0.079993
0 0.969976 0.466835 0.016749 0.058697
0 0.328064 0.489960 0.013864 0.062449
0 0.993257 0.462714 0.012964 0.057465
0 0.294549 0.481654 0.014696 0.079795
0 0.444853 0.592354 0.025054 0.126314
0 0.595675 0.442535 0.019150 0.081821
0 0.415901 0.531095 0.024701 0.089078
0 0.185685 0.477742 0.019548 0.060495
0 0.737015 0.544802 0.022133 0.089036
0 0.484801 0.459852 0.014097 0.071024
0 0.911659 0.451391 0.023163 0.091976
0 0.512330 0.591727 0.016790 0.089038
0 0.254999 0.324033 0.012908 0.048281
0 0.506129 0.534391 0.016457 0.056594
0 0.731668 0.471067 0.014253 0.071165
0 0.552534 0.494812 0.017861 0.070999
0 0.176302 0.398149 0.013033 0.062489
0 0.579332 0.505461 0.020150 0.046871
0 0.443921 0.459850 0.013396 0.051422
