0 0.193840 0.687708 0.094393 0.264145
0 0.070161 0.481605 0.048051 0.168348
0 0.301759 0.233091 0.028635 0.109985
0 0.640648 0.871307 0.077962 0.237293
0 0.458564 0.448861 0.021630 0.130870
0 0.507019 0.357818 0.032461 0.156535
0 0.479769 0.370895 0.026947 0.153698
0 0.889964 0.623083 0.062221 0.180318
0 0.261297 0.255044 0.018541 0.083762
0 0.747474 0.592288 0.072221 0.210869
0 0.277046 0.240871 0.020321 0.100278
0 0.687660 0.597328 0.054525 0.203311
0 0.728332 0.933967 0.068546 0.132067
0 0.693307 0.455530 0.039787 0.196848
0 0.805200 0.714257 0.089139 0.213758
0 0.643766 0.393362 0.029314 0.150242
0 0.895890 0.805649 0.090233 0.160009
0 0.730626 0.388410 0.031669 0.144319
0 0.931011 0.936986 0.136874 0.124295
0 0.805279 0.901185 0.094950 0.195672
0 0.755562 0.435643 0.045366 0.174602
0 0.579458 0.307197 0.024397 0.140924
0 0.114395 0.265644 0.029312 0.140194
0 0.670678 0.374404 0.029991 0.147167
0 0.774390 0.294745 0.020141 0.104002
0 0.890483 0.405367 0.031353 0.100820
0 0.113395 0.242577 0.028452 0.147164
0 0.187074 0.248050 0.018557 0.082831
0 0.822693 0.511693 0.038788 0.187635
0 0.220909 0.255768 0.015013 0.087578
0 0.827154 0.482745 0.031215 0.133927
0 0.821924 0.409733 0.033952 0.111423
0 0.838535 0.328057 0.026739 0.089995
0 0.891598 0.391813 0.028428 0.072595
0 0.214477 0.234367 0.030124 0.066201
0 0.647429 0.297795 0.024501 0.090009
