0 0.698982 0.283713 0.028611 0.126921
0 0.904865 0.278892 0.028054 0.114676
0 0.873058 0.305622 0.029629 0.105582
0 0.807663 0.328767 0.034014 0.106753
0 0.950785 0.379441 0.029079 0.089872
0 0.694424 0.081491 0.017958 0.087980
0 0.215876 0.173054 0.026775 0.102300
0 0.780762 0.230084 0.027637 0.121720
0 0.603646 0.254577 0.028566 0.127540
0 0.328516 0.304408 0.030846 0.107936
0 0.733925 0.224861 0.027598 0.113978
0 0.197497 0.218278 0.025243 0.106344
0 0.391590 0.255559 0.028095 0.135964
0 0.627289 0.214175 0.025845 0.120856
0 0.158702 0.205129 0.024084 0.095971
0 0.901640 0.541934 0.057678 0.206498
0 0.736616 0.322624 0.034264 0.104105
0 0.371796 0.162330 0.021169 0.109676
0 0.485727 0.345208 0.031456 0.114519
0 0.421184 0.338745 0.033024 0.126933
0 0.048637 0.359980 0.025449 0.074376
