0 0.481603 0.881396 0.058510 0.236000
0 0.289897 0.334347 0.036871 0.144030
0 0.024407 0.398506 0.048814 0.128553
0 0.030368 0.301781 0.028324 0.097525
0 0.420573 0.385574 0.023198 0.138774
0 0.119086 0.328118 0.025358 0.108927
0 0.798670 0.771413 0.102888 0.220585
0 0.470810 0.423833 0.043417 0.210639
0 0.139315 0.300277 0.018540 0.073333
0 0.240910 0.219946 0.023986 0.090552
0 0.841014 0.413892 0.034745 0.166756
0 0.330531 0.966024 0.082403 0.067137
0 0.773043 0.942238 0.069304 0.115524
0 0.687306 0.905936 0.088566 0.188129
0 0.412184 0.219603 0.023655 0.105527
0 0.673964 0.860074 0.067498 0.244536
0 0.777972 0.379653 0.040600 0.139417
0 0.137816 0.307671 0.021926 0.091616
0 0.520204 0.343357 0.023155 0.139095
0 0.682552 0.470113 0.035660 0.274065
0 0.496067 0.310760 0.021154 0.133664
0 0.569895 0.434109 0.035805 0.224453
0 0.787173 0.440739 0.032916 0.134283
0 0.649298 0.371083 0.031055 0.162689
0 0.154225 0.169587 0.018217 0.071370
0 0.135101 0.169812 0.017988 0.072614
0 0.714985 0.307857 0.032448 0.127927
0 0.121356 0.173013 0.014005 0.068419
0 0.685441 0.270152 0.021924 0.120226
0 0.114741 0.347888 0.029390 0.140321
0 0.619231 0.300930 0.023467 0.122212
0 0.814722 0.743580 0.066787 0.163960
0 0.678633 0.885431 0.080486 0.224110
