0 0.301234 0.884008 0.034585 0.113686
0 0.644881 0.784625 0.023415 0.099563
0 0.948574 0.520914 0.018292 0.060798
0 0.690932 0.641644 0.015209 0.071200
0 0.605475 0.617897 0.022809 0.095558
0 0.635131 0.614768 0.016834 0.085733
0 0.502423 0.679234 0.019585 0.087405
0 0.570418 0.592679 0.014636 0.069718
0 0.657285 0.610025 0.015128 0.083109
0 0.311103 0.539054 0.015612 0.075828
0 0.890777 0.497497 0.018874 0.082346
0 0.161385 0.541487 0.020752 0.054892
0 0.495256 0.551553 0.013844 0.068612
0 0.295712 0.547866 0.014521 0.070747
0 0.330081 0.555402 0.012897 0.060311
0 0.257893 0.350705 0.012364 0.048287
0 0.550575 0.602553 0.019343 0.074530
0 0.611094 0.474314 0.016848 0.076179
0 0.830361 0.478197 0.017651 0.065847
0 0.238684 0.348429 0.010920 0.049483
0 0.517147 0.570778 0.018426 0.072927
0 0.674883 0.595579 0.018843 0.051670
0 0.978619 0.513799 0.018832 0.070826
0 0.440920 0.539804 0.015782 0.072973
0 0.519563 0.513443 0.014236 0.062261
0 0.991486 0.523584 0.016146 0.069334
0 0.332538 0.556735 0.013882 0.060916
0 0.472713 0.552240 0.014766 0.058239
