0 0.609769 0.714793 0.017458 0.061014
0 0.479871 0.622461 0.014972 0.069737
0 0.383475 0.716551 0.017236 0.059538
0 0.652584 0.477903 0.016459 0.062344
0 0.697574 0.260537 0.017056 0.054820
0 0.631051 0.445355 0.022639 0.060409
0 0.468193 0.443907 0.013674 0.064825
0 0.497594 0.655901 0.019987 0.062568
0 0.411752 0.701929 0.016274 0.037677
0 0.342193 0.454599 0.013463 0.042030
0 0.330769 0.476744 0.013824 0.053352
0 0.506475 0.542135 0.013730 0.033626
0 0.333545 0.478716 0.016576 0.058849
0 0.506708 0.606391 0.016354 0.088628
0 0.426335 0.684269 0.013937 0.038401
0 0.547769 0.569316 0.015862 0.040551
