0 0.376681 0.663363 0.027481 0.060912
0 0.682535 0.631554 0.015921 0.039784
0 0.657029 0.632153 0.012271 0.047821
0 0.540698 0.716526 0.011130 0.031639
0 0.437973 0.709606 0.014284 0.038481
0 0.534542 0.640109 0.016804 0.052237
0 0.278362 0.355338 0.018547 0.036885
0 0.717556 0.410139 0.016415 0.043619
0 0.568076 0.845989 0.013354 0.036789
0 0.494270 0.845585 0.018757 0.041616
0 0.392839 0.615495 0.012091 0.045215
0 0.299260 0.348290 0.016983 0.034163
0 0.139578 0.060231 0.013745 0.039529
0 0.625646 0.622534 0.017199 0.066913
0 0.480715 0.818440 0.016640 0.042495
