0 0.163897 0.838344 0.052073 0.161814
0 0.412584 0.726129 0.057118 0.178478
0 0.394531 0.600785 0.034977 0.132848
0 0.550029 0.593036 0.037481 0.139314
0 0.343654 0.622775 0.041713 0.142476
0 0.682086 0.581647 0.021801 0.124394
0 0.981083 0.408380 0.019036 0.061485
0 0.172240 0.413213 0.015094 0.064559
0 0.498344 0.598140 0.022905 0.131420
0 0.308216 0.553326 0.019744 0.087240
0 0.702918 0.471870 0.021432 0.088441
0 0.375133 0.529319 0.020145 0.076907
0 0.726757 0.485984 0.016107 0.062066
0 0.522479 0.531401 0.024707 0.096111
0 0.438289 0.531252 0.021111 0.108905
0 0.674945 0.476759 0.020300 0.089824
0 0.605777 0.438461 0.019953 0.081131
0 0.102877 0.311234 0.016939 0.060326
0 0.922451 0.405948 0.026128 0.113417
0 0.308429 0.404894 0.017294 0.081223
0 0.333750 0.421417 0.013580 0.063219
0 0.293262 0.411829 0.014544 0.080649
0 0.879260 0.392434 0.016843 0.076525
0 0.626419 0.433030 0.023676 0.089140
0 0.352692 0.621575 0.059443 0.143807
0 0.763670 0.439572 0.020453 0.087197
0 0.493115 0.518855 0.016474 0.069328
0 0.520463 0.444382 0.015473 0.083668
0 0.081640 0.273655 0.012476 0.027367
