0 0.766540 0.459412 0.026044 0.097699
0 0.516165 0.574376 0.036159 0.097477
0 0.389307 0.692834 0.047103 0.144594
0 0.434580 0.555237 0.064522 0.087945
0 0.378752 0.472820 0.029297 0.104504
0 0.486772 0.469682 0.023927 0.090276
0 0.138295 0.343662 0.012706 0.047499
0 0.828047 0.340538 0.016799 0.073738
0 0.664277 0.391071 0.014714 0.050326
0 0.331715 0.404973 0.011356 0.054538
0 0.431928 0.383643 0.018793 0.078679
0 0.005218 0.302512 0.010395 0.084419
0 0.348267 0.405512 0.012864 0.054607
0 0.916781 0.343260 0.013841 0.059561
0 0.504732 0.418550 0.016731 0.079439
0 0.443024 0.552251 0.048367 0.083089
0 0.905193 0.348674 0.011976 0.055295
0 0.872431 0.395375 0.019290 0.056360
0 0.902318 0.345068 0.014668 0.061682
0 0.876173 0.356777 0.013207 0.066482
0 0.629588 0.423626 0.021116 0.093911
0 0.052111 0.293286 0.014375 0.039260
0 0.357822 0.339776 0.011659 0.063606
