0 0.285591 0.868781 0.036979 0.143371
0 0.649555 0.724107 0.022222 0.108375
0 0.669645 0.574264 0.016295 0.083264
0 0.379073 0.689598 0.017179 0.068728
0 0.598353 0.604906 0.023801 0.103515
0 0.309018 0.508789 0.017371 0.080707
0 0.960729 0.497249 0.016876 0.059902
0 0.328847 0.526105 0.014943 0.057001
0 0.650988 0.577405 0.019478 0.082470
0 0.492209 0.665676 0.023448 0.090656
0 0.294070 0.516169 0.014267 0.074777
0 0.989776 0.491207 0.019678 0.078730
0 0.507109 0.634692 0.015946 0.087376
0 0.523459 0.535532 0.017706 0.090663
0 0.180859 0.512988 0.019102 0.059971
0 0.400611 0.697938 0.014343 0.069165
0 0.117142 0.310488 0.014638 0.055300
0 0.714365 0.563421 0.018842 0.075026
0 0.497894 0.518913 0.015138 0.074934
0 0.906096 0.478674 0.016849 0.084277
0 0.445923 0.630521 0.028277 0.118325
0 0.714660 0.553643 0.017430 0.056544
0 0.573074 0.582005 0.017503 0.056419
0 0.255354 0.343304 0.012972 0.046163
0 0.706857 0.608057 0.016564 0.066122
0 0.546221 0.515437 0.016002 0.070146
0 0.446422 0.541311 0.019826 0.079061
0 0.188707 0.430988 0.012812 0.060048
0 0.084100 0.335826 0.013005 0.029686
0 0.598921 0.465892 0.015340 0.081903
0 0.903233 0.486489 0.018038 0.074189
0 0.238174 0.340303 0.011399 0.051942
0 0.428924 0.566557 0.021066 0.090145
