0 0.270709 0.135514 0.017890 0.084473
0 0.636946 0.058841 0.013442 0.057877
0 0.006379 0.079993 0.012759 0.047837
0 0.695562 0.110187 0.016673 0.058641
0 0.692561 0.112093 0.022005 0.058916
0 0.321277 0.101546 0.015703 0.081998
0 0.684441 0.114529 0.014024 0.053472
0 0.232072 0.138654 0.015508 0.059839
0 0.307909 0.116724 0.016875 0.079799
0 0.704762 0.052596 0.020124 0.067730
0 0.290478 0.122295 0.016549 0.076142
0 0.321128 0.089141 0.014635 0.068930
0 0.370783 0.075262 0.016180 0.041042
0 0.218973 0.129734 0.015338 0.050564
0 0.219788 0.123650 0.015336 0.041797
0 0.243610 0.217342 0.016359 0.062695
0 0.639527 0.059846 0.017358 0.056420
0 0.392066 0.063669 0.014359 0.052634
0 0.183097 0.163913 0.015685 0.052478
0 0.235151 0.140745 0.021507 0.062323
0 0.170725 0.178354 0.017761 0.064020
0 0.339634 0.084434 0.012173 0.057310
