0 0.784723 0.665616 0.087360 0.201777
0 0.659536 0.723475 0.061830 0.204743
0 0.826818 0.417458 0.037575 0.171746
0 0.320040 0.290116 0.039418 0.100105
0 0.099396 0.321628 0.041236 0.125793
0 0.330904 0.693611 0.084680 0.256964
0 0.434313 0.594533 0.046336 0.223187
0 0.204750 0.242907 0.023752 0.079534
0 0.163849 0.278325 0.023000 0.106272
0 0.757889 0.362825 0.029939 0.148089
0 0.972253 0.648333 0.054925 0.153344
0 0.025377 0.608862 0.050320 0.114456
0 0.491068 0.753632 0.046906 0.218043
0 0.081390 0.240690 0.020539 0.070727
0 0.458331 0.338802 0.039759 0.182388
0 0.425383 0.318178 0.021608 0.128378
0 0.597700 0.663339 0.046741 0.245138
0 0.286435 0.764776 0.072141 0.186044
0 0.192502 0.153273 0.014585 0.053845
0 0.444092 0.827648 0.059894 0.270207
0 0.161881 0.290224 0.027642 0.132057
0 0.406462 0.184197 0.017902 0.088918
0 0.545938 0.342931 0.023381 0.197793
0 0.980708 0.969049 0.037853 0.061135
0 0.275258 0.191189 0.017912 0.079239
0 0.645859 0.339821 0.023413 0.131434
0 0.488848 0.268431 0.020947 0.132156
0 0.573811 0.290735 0.027310 0.125522
0 0.541814 0.351592 0.029614 0.186048
