0 0.198901 0.640309 0.076434 0.280752
0 0.086000 0.446580 0.039337 0.170290
0 0.608863 0.770541 0.059892 0.254699
0 0.755735 0.827235 0.098817 0.253676
0 0.674853 0.852575 0.077082 0.208781
0 0.300364 0.226985 0.023266 0.105166
0 0.712060 0.552814 0.051725 0.220292
0 0.268079 0.243527 0.018159 0.092641
0 0.773049 0.648566 0.065322 0.173675
0 0.648772 0.540470 0.039068 0.204357
0 0.894768 0.889946 0.145199 0.212848
0 0.860150 0.574277 0.054268 0.174812
0 0.461283 0.419227 0.027175 0.122234
0 0.282482 0.232913 0.017075 0.092930
0 0.629557 0.365066 0.025739 0.141565
0 0.505410 0.330513 0.030648 0.147422
0 0.848768 0.735901 0.093936 0.175941
0 0.132779 0.318048 0.024648 0.067949
0 0.673598 0.411356 0.035509 0.177338
0 0.010010 0.294481 0.019976 0.077942
0 0.803497 0.538703 0.042121 0.192666
0 0.653891 0.353964 0.028233 0.135460
0 0.125176 0.239064 0.023098 0.121779
0 0.762298 0.277494 0.022606 0.092712
0 0.734060 0.390361 0.034400 0.143525
0 0.873682 0.387637 0.030823 0.105486
0 0.711189 0.370653 0.033986 0.148340
0 0.468178 0.355549 0.030477 0.124024
0 0.567636 0.305226 0.022061 0.098551
0 0.847646 0.497854 0.046597 0.144105
