0 0.179588 0.743400 0.056572 0.125787
0 0.389075 0.682621 0.047830 0.125894
0 0.859472 0.437006 0.021566 0.094641
0 0.181837 0.363532 0.014658 0.051919
0 0.433061 0.547469 0.020474 0.102513
0 0.531405 0.530078 0.036521 0.106538
0 0.652593 0.462812 0.021835 0.109655
0 0.460027 0.474119 0.019409 0.121009
0 0.390667 0.496451 0.020046 0.100853
0 0.936885 0.361428 0.017797 0.064971
0 0.016526 0.304062 0.011797 0.041619
0 0.430198 0.456371 0.026401 0.086797
0 0.552209 0.465580 0.018022 0.079795
0 0.014467 0.303270 0.013714 0.042751
0 0.340266 0.463619 0.014656 0.064076
0 0.342574 0.360695 0.014073 0.068430
0 0.952891 0.371314 0.019487 0.076134
0 0.508336 0.463001 0.018219 0.085913
0 0.907871 0.363988 0.016807 0.058125
0 0.858893 0.357213 0.017550 0.079048
0 0.493724 0.452840 0.017692 0.087862
0 0.684519 0.422161 0.013850 0.056708
0 0.939825 0.363678 0.016961 0.066741
0 0.142628 0.290012 0.012150 0.055877
0 0.719116 0.325376 0.012182 0.050676
0 0.145675 0.289966 0.017408 0.057314
0 0.994492 0.412520 0.010275 0.073287
0 0.329565 0.364471 0.010572 0.064972
0 0.477320 0.444866 0.015127 0.087822
0 0.638981 0.415270 0.015737 0.071726
0 0.004912 0.299447 0.009665 0.048920
0 0.592258 0.388840 0.015524 0.067237
0 0.324708 0.470165 0.013613 0.055743
