0 0.468858 0.657953 0.044569 0.072584
0 0.536337 0.603078 0.026184 0.058386
0 0.721830 0.531608 0.022517 0.082372
0 0.204542 0.316984 0.009101 0.037507
0 0.439269 0.494912 0.021273 0.076042
0 0.415903 0.488055 0.021490 0.075769
0 0.427725 0.582002 0.020989 0.049586
0 0.484822 0.511573 0.039683 0.064751
0 0.977045 0.327833 0.017245 0.046652
0 0.946646 0.325541 0.013740 0.061330
0 0.755749 0.376666 0.013699 0.052046
0 0.866851 0.327043 0.010526 0.039069
0 0.443233 0.347715 0.012271 0.051703
0 0.635028 0.345573 0.010093 0.036287
0 0.658965 0.343984 0.013908 0.051247
0 0.819131 0.325481 0.009877 0.044271
0 0.461996 0.336705 0.013964 0.073418
0 0.158050 0.294142 0.014994 0.060079
0 0.497619 0.355144 0.010284 0.057030
0 0.849051 0.396383 0.013351 0.059626
0 0.419571 0.332179 0.016979 0.085634
0 0.460467 0.330960 0.014375 0.070119
0 0.832250 0.325023 0.009009 0.045547
0 0.160587 0.296025 0.015117 0.060880
0 0.612424 0.369008 0.012772 0.057307
0 0.405242 0.317780 0.011885 0.049022
0 0.418423 0.344834 0.015302 0.060513
