0 0.317569 0.899061 0.027915 0.108627
0 0.632370 0.828366 0.017734 0.105486
0 0.668941 0.663584 0.013141 0.064493
0 0.489775 0.762933 0.023934 0.081219
0 0.205066 0.486789 0.016129 0.062616
0 0.318237 0.564966 0.014455 0.075918
0 0.234823 0.487477 0.020231 0.066580
0 0.384243 0.790153 0.015168 0.063458
0 0.569313 0.621330 0.013804 0.067570
0 0.939351 0.533921 0.017416 0.057521
0 0.336056 0.580291 0.013771 0.052814
0 0.504895 0.721523 0.018078 0.073420
0 0.304886 0.576319 0.012204 0.066968
0 0.142552 0.572321 0.022372 0.050052
0 0.444022 0.562822 0.013635 0.069718
0 0.451028 0.643337 0.020178 0.079347
0 0.398320 0.794626 0.015530 0.063323
0 0.968606 0.519727 0.017647 0.059150
0 0.982887 0.535103 0.019434 0.071947
0 0.483066 0.708673 0.016998 0.060950
0 0.318749 0.572848 0.017215 0.070284
0 0.984553 0.534034 0.013359 0.070424
0 0.633129 0.648560 0.016476 0.060707
0 0.542217 0.641540 0.017649 0.046907
0 0.262018 0.342241 0.011203 0.044631
0 0.615905 0.646637 0.014439 0.066815
0 0.242564 0.342333 0.011320 0.049442
0 0.520063 0.538030 0.014856 0.062523
0 0.885892 0.495169 0.013726 0.057127
0 0.965160 0.528290 0.017690 0.063377
0 0.092022 0.330256 0.015677 0.030918
