0 0.117315 0.793437 0.059893 0.102230
0 0.762578 0.458486 0.025202 0.092697
0 0.396544 0.686854 0.042066 0.127283
0 0.518887 0.575050 0.043126 0.108477
0 0.485931 0.468018 0.026139 0.102460
0 0.378796 0.468714 0.024618 0.108024
0 0.138174 0.341359 0.012136 0.050478
0 0.895437 0.342302 0.014912 0.060968
0 0.439106 0.380692 0.016343 0.076040
0 0.911166 0.344081 0.014477 0.059892
0 0.447925 0.547813 0.036752 0.073636
0 0.822439 0.340856 0.015466 0.069009
0 0.181054 0.273218 0.015215 0.059002
0 0.383806 0.468019 0.031599 0.109355
0 0.378933 0.351617 0.009643 0.046522
0 0.662832 0.388463 0.012628 0.051674
0 0.360869 0.339951 0.012465 0.061894
0 0.169358 0.277344 0.012827 0.053753
0 0.872021 0.371989 0.014889 0.098237
0 0.505608 0.414233 0.015984 0.075820
0 0.872459 0.355743 0.013570 0.065386
0 0.435929 0.550251 0.061175 0.079275
0 0.181338 0.258303 0.017116 0.084314
0 0.870071 0.398071 0.016746 0.054631
0 0.634559 0.380961 0.015344 0.074629
0 0.034945 0.286472 0.018279 0.051971
0 0.495506 0.411507 0.021609 0.082962
0 0.527638 0.338702 0.010659 0.068336
0 0.041516 0.286326 0.020574 0.052760
0 0.058196 0.291851 0.013410 0.039606
0 0.336059 0.400129 0.010331 0.055827
