0 0.386666 0.574701 0.021292 0.082684
0 0.439497 0.552621 0.020506 0.098115
0 0.303615 0.590473 0.021114 0.081072
0 0.165401 0.610393 0.029574 0.067058
0 0.515715 0.723898 0.022331 0.089748
0 0.407507 0.731768 0.017825 0.075197
0 0.495544 0.616330 0.018633 0.080083
0 0.549529 0.693894 0.018536 0.087163
0 0.306554 0.364662 0.017237 0.044529
0 0.158809 0.722410 0.032746 0.082009
0 0.601723 0.697486 0.027819 0.070752
0 0.422875 0.716416 0.015441 0.072342
0 0.631348 0.671212 0.016935 0.060400
0 0.512557 0.276464 0.018965 0.055266
0 0.372928 0.237122 0.017552 0.040203
0 0.384809 0.730446 0.022646 0.084750
0 0.358786 0.282696 0.017327 0.035197
0 0.245060 0.494961 0.015321 0.046257
0 0.391378 0.728453 0.015799 0.082892
0 0.381883 0.713545 0.016135 0.050944
0 0.740004 0.815428 0.031578 0.066109
0 0.432432 0.267519 0.017811 0.041505
0 0.157835 0.715593 0.026510 0.071123
0 0.431972 0.280373 0.016086 0.045158
0 0.307780 0.591409 0.030116 0.086080
