0 0.943485 0.626463 0.047164 0.261102
0 0.898692 0.609110 0.041015 0.245560
0 0.825505 0.680582 0.061991 0.336569
0 0.693707 0.653959 0.045338 0.285565
0 0.772302 0.670277 0.071142 0.334828
0 0.091488 0.491871 0.025961 0.066005
0 0.741991 0.653044 0.052367 0.321619
0 0.346724 0.557411 0.027650 0.151671
0 0.382149 0.567760 0.033273 0.164736
0 0.561282 0.620648 0.040234 0.225307
0 0.484290 0.535428 0.030218 0.127278
0 0.596621 0.633554 0.041813 0.275680
0 0.292129 0.553483 0.024687 0.160168
0 0.437373 0.575711 0.031174 0.178892
0 0.655194 0.626204 0.037475 0.230401
0 0.267059 0.552389 0.030651 0.146768
0 0.129267 0.534673 0.024503 0.133958
0 0.853621 0.612596 0.028965 0.209297
0 0.684850 0.838577 0.099365 0.093188
0 0.231466 0.552065 0.025332 0.143122
0 0.176308 0.521815 0.028312 0.118311
0 0.149810 0.524198 0.027366 0.122927
0 0.419549 0.572669 0.025422 0.177432
0 0.014118 0.547926 0.014225 0.039912
