0 0.394124 0.685948 0.050762 0.134722
0 0.181867 0.747973 0.033702 0.126900
0 0.880978 0.438123 0.026409 0.092798
0 0.657761 0.474716 0.018100 0.087691
0 0.533209 0.536207 0.028714 0.118931
0 0.186312 0.371186 0.014159 0.052971
0 0.397059 0.506966 0.020414 0.112270
0 0.551660 0.488231 0.021141 0.109005
0 0.428830 0.462258 0.021872 0.105272
0 0.864912 0.362915 0.017051 0.081386
0 0.453983 0.507697 0.028023 0.110286
0 0.916748 0.374846 0.013643 0.056048
0 0.007482 0.308000 0.014947 0.043939
0 0.640976 0.422072 0.015730 0.076416
0 0.427317 0.555302 0.031838 0.103633
0 0.420508 0.554599 0.046969 0.103806
0 0.588944 0.397663 0.015902 0.064953
0 0.687436 0.431316 0.012351 0.052937
0 0.319649 0.468471 0.014797 0.050403
0 0.340530 0.368054 0.013777 0.066908
0 0.550268 0.500524 0.020275 0.091270
0 0.342012 0.480714 0.014974 0.030052
0 0.476307 0.449689 0.015624 0.088390
0 0.656131 0.408341 0.018529 0.061227
0 0.944645 0.366415 0.016902 0.065746
0 0.266064 0.264714 0.011106 0.045772
0 0.958408 0.372476 0.019492 0.072776
0 0.280813 0.267367 0.011225 0.043793
0 0.700598 0.380958 0.015090 0.070282
