0 0.926129 0.798965 0.146032 0.230087
0 0.937215 0.634319 0.124546 0.143606
0 0.171140 0.860057 0.246926 0.277540
0 0.936415 0.497019 0.104278 0.097663
0 0.577017 0.656114 0.092912 0.154434
0 0.691564 0.619300 0.100675 0.136229
0 0.723939 0.557254 0.092107 0.123817
0 0.510560 0.409399 0.031018 0.057738
0 0.723383 0.339051 0.028197 0.035168
0 0.738048 0.579576 0.120401 0.171153
0 0.953117 0.657284 0.092356 0.097721
0 0.216353 0.417894 0.056464 0.064272
0 0.579540 0.370371 0.039602 0.050629
0 0.684474 0.607205 0.083374 0.108825
0 0.945908 0.517620 0.082308 0.049163
