0 0.886616 0.882423 0.066709 0.169753
0 0.767364 0.533377 0.032636 0.129406
0 0.218597 0.638393 0.054664 0.156700
0 0.049649 0.675259 0.046500 0.113623
0 0.566567 0.515647 0.027102 0.142678
0 0.488421 0.544337 0.033386 0.151803
0 0.461630 0.560826 0.025384 0.146950
0 0.328071 0.583035 0.023080 0.134942
0 0.635699 0.340103 0.021779 0.087975
0 0.086734 0.598518 0.034658 0.083313
0 0.600320 0.494820 0.027564 0.133680
0 0.739618 0.447873 0.029317 0.114379
0 0.424075 0.382084 0.017108 0.094541
0 0.401602 0.511202 0.020982 0.097840
0 0.374111 0.582799 0.033225 0.133292
0 0.136162 0.496994 0.031913 0.095818
0 0.366833 0.650737 0.042510 0.148156
0 0.762221 0.454361 0.026711 0.104247
0 0.448033 0.624104 0.035960 0.140803
0 0.732436 0.382421 0.018100 0.081595
0 0.331684 0.929098 0.052463 0.116431
0 0.590290 0.360249 0.025545 0.085463
0 0.554527 0.441010 0.019955 0.107685
0 0.186851 0.512572 0.030452 0.095972
0 0.437343 0.283288 0.012039 0.056462
0 0.141099 0.513817 0.041891 0.127404
0 0.571245 0.414071 0.023503 0.088715
0 0.352527 0.409314 0.022681 0.100973
0 0.598282 0.470677 0.030829 0.183531
0 0.613063 0.425835 0.015913 0.081002
0 0.757983 0.453762 0.021400 0.103051
0 0.260350 0.471018 0.038225 0.086701
0 0.741453 0.444118 0.021793 0.112055
0 0.980817 0.617902 0.019599 0.044344
0 0.319235 0.245263 0.010515 0.036158
0 0.161073 0.435733 0.017748 0.054805
0 0.036579 0.451477 0.020774 0.053660
0 0.190626 0.448735 0.021055 0.080252
