0 0.360414 0.787694 0.021026 0.076204
0 0.611653 0.771054 0.020795 0.071285
0 0.304707 0.429581 0.021337 0.058819
0 0.267049 0.437390 0.014499 0.052591
0 0.674314 0.343428 0.014641 0.064724
0 0.593551 0.607850 0.012314 0.049832
0 0.804648 0.409387 0.020983 0.059895
0 0.333606 0.508752 0.014522 0.061805
0 0.447732 0.505456 0.010938 0.057468
0 0.244360 0.231454 0.017562 0.047236
0 0.266992 0.230953 0.014901 0.043214
0 0.492366 0.703986 0.015002 0.065501
0 0.321068 0.521992 0.014290 0.061746
0 0.417548 0.730550 0.014155 0.040664
0 0.503921 0.676802 0.015292 0.056974
0 0.332132 0.514584 0.016495 0.070066
0 0.904350 0.464998 0.020584 0.053607
0 0.362775 0.794611 0.024393 0.090901
0 0.507605 0.594971 0.015410 0.060449
0 0.591335 0.508994 0.016900 0.062392
0 0.513495 0.472818 0.011326 0.053776
0 0.117126 0.166191 0.016494 0.052373
0 0.560651 0.582477 0.017677 0.086613
0 0.464059 0.528124 0.017163 0.080082
0 0.504509 0.683808 0.017289 0.074407
0 0.481326 0.665761 0.018489 0.091645
0 0.932972 0.460032 0.025278 0.077226
0 0.402640 0.745596 0.015094 0.042566
0 0.481990 0.652016 0.018002 0.071883
0 0.858464 0.426847 0.014769 0.046623
