0 0.491107 0.260192 0.059794 0.167511
0 0.312926 0.272013 0.053430 0.172736
0 0.588870 0.764712 0.169248 0.299151
0 0.887523 0.620702 0.121510 0.199931
0 0.130414 0.289407 0.051948 0.199661
0 0.360851 0.527996 0.065251 0.095427
0 0.222046 0.282059 0.050928 0.207819
0 0.438977 0.274739 0.047515 0.152276
0 0.671239 0.471959 0.150805 0.113210
0 0.249043 0.269991 0.058216 0.189248
0 0.870843 0.307348 0.042677 0.131186
0 0.549456 0.503266 0.055769 0.086524
0 0.908144 0.472870 0.039431 0.090695
0 0.931447 0.280147 0.048806 0.072116
0 0.708789 0.449933 0.089743 0.084149
0 0.176997 0.582150 0.110427 0.149731
0 0.039970 0.291998 0.033705 0.164617
0 0.064099 0.300968 0.044862 0.152423
0 0.213828 0.281757 0.033284 0.198330
0 0.177965 0.560686 0.109384 0.106062
0 0.722360 0.447557 0.064554 0.079590
0 0.647694 0.438753 0.030568 0.046484
0 0.691868 0.446235 0.056009 0.075338
0 0.535980 0.504143 0.083111 0.091255
0 0.159286 0.556149 0.070367 0.097552
