0 0.456594 0.583852 0.034329 0.089136
0 0.534668 0.533482 0.036594 0.069677
0 0.707579 0.463407 0.021275 0.067517
0 0.405563 0.432745 0.016588 0.062493
0 0.180236 0.322752 0.010735 0.038235
0 0.927909 0.420430 0.017248 0.062930
0 0.619921 0.369468 0.013582 0.066351
0 0.452566 0.469895 0.028045 0.066914
0 0.816955 0.328595 0.008533 0.042404
0 0.827848 0.381479 0.015132 0.053821
0 0.361810 0.560666 0.028538 0.035158
0 0.876306 0.352277 0.014024 0.058878
0 0.116717 0.299843 0.011251 0.053417
0 0.531777 0.336957 0.010747 0.050354
0 0.495882 0.360388 0.010272 0.046028
0 0.102131 0.275592 0.014375 0.045407
0 0.903251 0.332175 0.011501 0.050530
0 0.851956 0.326689 0.011086 0.044777
0 0.642119 0.354940 0.010421 0.042806
0 0.837817 0.325578 0.012416 0.049372
0 0.518653 0.366938 0.013622 0.051803
