0 0.308475 0.595464 0.032640 0.119179
0 0.383710 0.433641 0.014048 0.063602
0 0.088678 0.400787 0.027495 0.095142
0 0.528864 0.452689 0.016471 0.068593
0 0.318843 0.469654 0.015612 0.075509
0 0.344449 0.589257 0.016410 0.080312
0 0.331238 0.469933 0.015891 0.078339
0 0.359050 0.607612 0.024431 0.117704
0 0.297967 0.457230 0.017423 0.064737
0 0.294997 0.456490 0.013654 0.063602
0 0.303549 0.456031 0.014839 0.064064
0 0.354118 0.454519 0.011914 0.069497
0 0.387560 0.433954 0.017743 0.062769
0 0.346364 0.454857 0.021210 0.087073
