0 0.770851 0.869232 0.059504 0.131828
0 0.972164 0.775043 0.041997 0.097828
0 0.366143 0.738958 0.026029 0.116800
0 0.148341 0.568129 0.023432 0.068479
0 0.496455 0.750540 0.034925 0.133326
0 0.935349 0.693672 0.041405 0.097813
0 0.332897 0.756810 0.030539 0.109983
0 0.407314 0.509191 0.021624 0.099777
0 0.443584 0.616279 0.026176 0.109858
0 0.789759 0.677927 0.035162 0.098587
0 0.821317 0.677590 0.035725 0.093137
0 0.532341 0.750450 0.023173 0.124589
0 0.420303 0.740560 0.030268 0.122670
0 0.458707 0.374049 0.029601 0.078286
0 0.510567 0.966806 0.036560 0.065162
0 0.390282 0.755583 0.027301 0.107600
0 0.281838 0.606514 0.019853 0.089531
0 0.615680 0.742918 0.035090 0.131753
0 0.646577 0.722704 0.033674 0.109956
0 0.110888 0.734216 0.040071 0.090050
0 0.309412 0.614089 0.035511 0.107570
0 0.573496 0.694341 0.027239 0.098196
0 0.737830 0.724991 0.026335 0.081604
0 0.544341 0.238167 0.011749 0.035620
0 0.698368 0.843810 0.031115 0.092583
0 0.696277 0.446937 0.020753 0.082477
0 0.652029 0.505990 0.023011 0.094862
0 0.078825 0.705455 0.025461 0.074994
0 0.249700 0.595856 0.027614 0.101448
0 0.198923 0.553384 0.017516 0.070654
0 0.200120 0.563179 0.020723 0.091440
0 0.352096 0.234207 0.010653 0.033592
0 0.361992 0.581525 0.026842 0.100550
0 0.852909 0.379645 0.012643 0.055975
0 0.616659 0.724712 0.032169 0.097645
0 0.254532 0.603297 0.020944 0.085309
0 0.220192 0.531530 0.016580 0.060237
