0 0.246649 0.776257 0.039460 0.133050
0 0.658660 0.629265 0.019857 0.130526
0 0.719033 0.523263 0.017916 0.064663
0 0.655202 0.501876 0.017738 0.088482
0 0.583866 0.545738 0.030406 0.113886
0 0.690116 0.491026 0.019172 0.085130
0 0.756900 0.513686 0.019946 0.099650
0 0.975996 0.435300 0.020120 0.064940
0 0.915307 0.420135 0.019727 0.086237
0 0.311370 0.438300 0.015280 0.080063
0 0.499596 0.572104 0.028321 0.104777
0 0.293490 0.445117 0.013080 0.079507
0 0.594684 0.419753 0.017938 0.084562
0 0.327143 0.453588 0.013055 0.061509
0 0.409735 0.603708 0.018169 0.081517
0 0.552784 0.466678 0.018460 0.080082
0 0.504217 0.446401 0.013639 0.074849
0 0.444967 0.437234 0.013439 0.077426
0 0.485333 0.426390 0.012717 0.073520
0 0.444569 0.550719 0.034249 0.130852
0 0.390958 0.598425 0.020897 0.079685
0 0.254373 0.303160 0.012915 0.047115
0 0.082899 0.294986 0.016234 0.028307
0 0.406977 0.493926 0.026725 0.097505
0 0.740555 0.420652 0.013926 0.074454
0 0.113862 0.275304 0.014769 0.053962
0 0.236600 0.300544 0.012597 0.051974
0 0.995880 0.447049 0.007817 0.033135
