0 0.194374 0.773911 0.039822 0.129819
0 0.571922 0.547453 0.028626 0.118867
0 0.667776 0.579553 0.023894 0.123914
0 0.181056 0.412890 0.013421 0.060892
0 0.436122 0.546817 0.027948 0.120780
0 0.980379 0.409318 0.018639 0.062559
0 0.612566 0.449115 0.024861 0.095430
0 0.656914 0.467192 0.017266 0.090146
0 0.329980 0.424257 0.012820 0.062207
0 0.305913 0.405603 0.017232 0.082599
0 0.482228 0.546770 0.022836 0.133588
0 0.710169 0.454559 0.017916 0.084493
0 0.497899 0.524700 0.018973 0.107998
0 0.291540 0.412171 0.014690 0.080878
0 0.118352 0.332729 0.023138 0.067939
0 0.769223 0.470401 0.022702 0.094064
0 0.725258 0.487626 0.018256 0.066583
0 0.410959 0.539034 0.020281 0.077442
0 0.485115 0.395428 0.012018 0.070575
0 0.252909 0.283699 0.012755 0.047502
0 0.555076 0.454919 0.017610 0.083523
0 0.235333 0.280901 0.012901 0.050103
0 0.443950 0.419258 0.014829 0.103314
0 0.498765 0.419352 0.014163 0.078161
0 0.116403 0.255525 0.021985 0.057053
