0 0.859631 0.703891 0.033932 0.098904
0 0.706133 0.938095 0.041692 0.120299
0 0.024803 0.866735 0.049605 0.175849
0 0.604196 0.434388 0.022638 0.082691
0 0.552795 0.759957 0.043300 0.130287
0 0.981254 0.697332 0.036786 0.098048
0 0.753897 0.529068 0.018821 0.057221
0 0.614311 0.755256 0.035862 0.138630
0 0.892592 0.570116 0.056682 0.074145
0 0.748392 0.966915 0.045513 0.064325
0 0.378494 0.452920 0.021794 0.082256
0 0.340213 0.529375 0.022882 0.078694
0 0.831844 0.497482 0.021793 0.087978
0 0.642180 0.602804 0.031834 0.130305
0 0.448595 0.782049 0.026079 0.131569
0 0.612118 0.296395 0.018879 0.052371
0 0.409758 0.771754 0.031607 0.146357
0 0.503665 0.779004 0.031932 0.156613
0 0.658555 0.948209 0.040099 0.103581
0 0.558354 0.520049 0.047868 0.063815
0 0.696266 0.784127 0.030134 0.103635
0 0.865921 0.514613 0.027232 0.084519
0 0.319814 0.801479 0.039543 0.132343
0 0.182605 0.434450 0.017296 0.049640
0 0.366983 0.791462 0.039085 0.125721
0 0.215813 0.770808 0.040867 0.115788
0 0.502002 0.753708 0.030766 0.148720
0 0.077250 0.977106 0.043212 0.045788
0 0.248740 0.751308 0.039759 0.113655
0 0.095333 0.590573 0.022214 0.067302
0 0.738982 0.594793 0.028635 0.093961
0 0.669521 0.802430 0.044075 0.110284
