0 0.933506 0.080710 0.032511 0.115423
0 0.702437 0.064165 0.030231 0.127504
0 0.826542 0.092352 0.031979 0.166353
0 0.390113 0.076937 0.038601 0.152877
0 0.875046 0.057744 0.031992 0.108195
0 0.294540 0.080323 0.033565 0.159564
0 0.727003 0.064887 0.030950 0.129775
0 0.424172 0.076300 0.026516 0.152007
0 0.847893 0.107342 0.030483 0.137793
0 0.448249 0.076046 0.042517 0.149397
0 0.754197 0.034366 0.018990 0.066609
0 0.903753 0.037475 0.018921 0.073403
0 0.321711 0.081652 0.030237 0.156894
0 0.771503 0.035573 0.018717 0.070737
0 0.089995 0.074091 0.022553 0.075341
0 0.020661 0.748696 0.040893 0.120738
0 0.754857 0.053137 0.020816 0.106275
0 0.012531 0.145524 0.024580 0.062962
0 0.114870 0.084613 0.025798 0.093546
0 0.872832 0.086541 0.036046 0.173083
0 0.808533 0.095227 0.065232 0.181013
0 0.185291 0.366332 0.034303 0.120039
