0 0.120549 0.675236 0.066619 0.146880
0 0.342448 0.473958 0.036656 0.127640
0 0.436568 0.369002 0.025360 0.113293
0 0.093282 0.535839 0.039056 0.094724
0 0.743658 0.261623 0.012592 0.044368
0 0.134883 0.437584 0.024558 0.104630
0 0.911087 0.455898 0.026284 0.048576
0 0.174792 0.325680 0.020440 0.077092
0 0.182546 0.455716 0.028481 0.117544
0 0.911047 0.464424 0.028726 0.065016
0 0.177317 0.460013 0.033472 0.128580
0 0.263255 0.459399 0.030691 0.110702
0 0.238239 0.571102 0.034165 0.149689
0 0.263423 0.362985 0.019517 0.090598
0 0.953687 0.504152 0.033240 0.048860
0 0.571776 0.318502 0.018870 0.055709
0 0.505564 0.360273 0.022068 0.079403
0 0.771616 0.284472 0.021185 0.040733
0 0.231611 0.373039 0.021855 0.091385
0 0.111149 0.363589 0.018053 0.081172
0 0.953859 0.519092 0.036171 0.078107
