0 0.855497 0.126076 0.033117 0.126862
0 0.901875 0.132706 0.027165 0.134515
0 0.068494 0.145727 0.023912 0.103156
0 0.685144 0.128365 0.037053 0.151003
0 0.447393 0.142657 0.046681 0.190277
0 0.582681 0.066923 0.032591 0.133847
0 0.972895 0.177474 0.033753 0.110553
0 0.512005 0.067356 0.035557 0.134712
0 0.836474 0.179027 0.027716 0.131585
0 0.298735 0.164382 0.034743 0.158690
0 0.641306 0.056179 0.028225 0.111235
0 0.319061 0.075133 0.023903 0.123467
0 0.882164 0.050553 0.023470 0.101106
0 0.016297 0.086109 0.021501 0.078228
0 0.754698 0.111171 0.038302 0.136326
0 0.812653 0.171478 0.032645 0.152134
0 0.109695 0.132455 0.024391 0.090986
0 0.239214 0.043747 0.024420 0.087377
0 0.289823 0.052001 0.022243 0.091662
0 0.129483 0.142415 0.023906 0.112360
0 0.265258 0.129502 0.025189 0.054089
0 0.130293 0.047343 0.022735 0.090462
0 0.371152 0.070405 0.024875 0.136252
0 0.414131 0.068673 0.028896 0.133263
0 0.814933 0.076138 0.026749 0.087459
