0 0.251245 0.897197 0.028026 0.072600
0 0.737730 0.485870 0.011381 0.035699
0 0.265101 0.840623 0.021582 0.058397
0 0.387577 0.395250 0.009665 0.034512
0 0.277629 0.375228 0.009479 0.040942
0 0.315514 0.356651 0.010350 0.041354
0 0.313864 0.358097 0.009839 0.040198
0 0.641761 0.388765 0.009819 0.040791
0 0.039667 0.458355 0.015138 0.044061
0 0.311675 0.412599 0.011696 0.049498
0 0.776628 0.559610 0.022625 0.054828
0 0.082369 0.445837 0.011222 0.032590
0 0.004748 0.558577 0.009251 0.037569
0 0.718899 0.400627 0.009411 0.037097
0 0.094271 0.428045 0.009054 0.030767
0 0.036713 0.458602 0.019189 0.043278
0 0.504952 0.373470 0.009374 0.042517
0 0.033600 0.459380 0.015390 0.042810
