0 0.016819 0.617900 0.033426 0.117198
0 0.277885 0.427730 0.019200 0.069544
0 0.556423 0.195170 0.008274 0.025584
0 0.949745 0.473480 0.028732 0.073414
0 0.470028 0.308703 0.015585 0.042004
0 0.878518 0.480520 0.030774 0.122653
0 0.947809 0.465375 0.024390 0.056323
0 0.578308 0.309295 0.009744 0.038731
0 0.218148 0.404874 0.026594 0.056536
0 0.880326 0.457951 0.025656 0.075902
0 0.919939 0.286011 0.008820 0.017371
0 0.469171 0.309708 0.020520 0.046230
0 0.632139 0.477639 0.034704 0.080803
0 0.224326 0.405583 0.024993 0.065891
0 0.357955 0.256248 0.012094 0.035802
0 0.227114 0.403298 0.014976 0.063503
