0 0.369344 0.778327 0.019277 0.070999
0 0.584086 0.605398 0.014692 0.052222
0 0.610227 0.762629 0.017410 0.071327
0 0.679691 0.325353 0.015757 0.059069
0 0.602980 0.499097 0.014531 0.064024
0 0.640263 0.524192 0.018208 0.065470
0 0.448162 0.495902 0.011138 0.056552
0 0.323422 0.513140 0.011235 0.056826
0 0.464864 0.510205 0.015024 0.068133
0 0.336504 0.503770 0.015510 0.061940
0 0.405489 0.739542 0.011823 0.039336
0 0.418795 0.721629 0.012262 0.043761
0 0.481618 0.667365 0.016069 0.079405
0 0.856864 0.404611 0.021143 0.067392
0 0.276471 0.430138 0.015769 0.050289
0 0.506689 0.679461 0.018327 0.078981
0 0.946424 0.453066 0.027256 0.063505
0 0.266620 0.216306 0.013762 0.043183
0 0.245615 0.216939 0.014703 0.046173
0 0.311225 0.418715 0.015635 0.060284
0 0.355288 0.518734 0.012485 0.048049
0 0.901576 0.457859 0.021893 0.051999
0 0.802932 0.399033 0.020490 0.058556
0 0.314338 0.419921 0.019910 0.061382
0 0.306348 0.127677 0.010096 0.024970
0 0.570146 0.516649 0.012310 0.062524
0 0.495543 0.691596 0.017227 0.060921
0 0.513749 0.464131 0.011929 0.056772
0 0.931436 0.452535 0.021674 0.075386
