0 0.381670 0.741656 0.014651 0.059375
0 0.608455 0.738440 0.016444 0.057468
0 0.565440 0.589401 0.011787 0.046596
0 0.990568 0.700282 0.018128 0.057018
0 0.617160 0.475278 0.018779 0.060291
0 0.294084 0.415378 0.015717 0.049643
0 0.534034 0.557741 0.012339 0.053155
0 0.328064 0.498070 0.017660 0.060808
0 0.267542 0.188464 0.016021 0.043633
0 0.480495 0.646351 0.015237 0.061258
0 0.649137 0.501767 0.012747 0.064476
0 0.468907 0.480014 0.015793 0.065725
0 0.245656 0.190645 0.017604 0.046803
0 0.688774 0.294882 0.012461 0.058793
0 0.341231 0.479123 0.018107 0.051114
0 0.408123 0.723267 0.013473 0.042235
0 0.497962 0.675566 0.019133 0.062134
0 0.504828 0.569439 0.019776 0.056532
0 0.448930 0.476636 0.012045 0.056866
0 0.342761 0.488117 0.022709 0.067321
0 0.488950 0.472879 0.014163 0.047903
0 0.329414 0.401984 0.022310 0.057087
0 0.514769 0.499443 0.014706 0.052186
0 0.508884 0.646533 0.016488 0.055425
0 0.514831 0.445467 0.012698 0.052315
0 0.344760 0.493054 0.033231 0.069165
0 0.472202 0.487232 0.018007 0.072715
0 0.486938 0.464273 0.016212 0.054801
