0 0.431886 0.642261 0.041135 0.089382
0 0.523684 0.568170 0.046905 0.082004
0 0.718394 0.473425 0.025029 0.076809
0 0.465974 0.494461 0.021974 0.080942
0 0.394501 0.447029 0.024249 0.077644
0 0.840526 0.336578 0.011000 0.048329
0 0.143344 0.331817 0.011367 0.041044
0 0.796781 0.328763 0.014503 0.070231
0 0.866658 0.395284 0.016215 0.060961
0 0.585258 0.359945 0.012160 0.055605
0 0.301219 0.650942 0.036701 0.057693
0 0.909576 0.366351 0.017645 0.066133
0 0.865699 0.333920 0.015360 0.056997
0 0.501948 0.380724 0.015237 0.061890
0 0.516454 0.383291 0.015408 0.063130
0 0.863056 0.334112 0.013009 0.054061
0 0.464468 0.358065 0.016072 0.090199
0 0.938489 0.346326 0.014530 0.049020
0 0.651525 0.368805 0.013308 0.050181
0 0.289788 0.651342 0.059286 0.059636
0 0.422734 0.400324 0.018905 0.065742
0 0.445643 0.532403 0.030155 0.060904
0 0.116700 0.286889 0.008752 0.034698
0 0.219287 0.269995 0.011998 0.057608
0 0.971551 0.309436 0.013882 0.050999
0 0.093014 0.285147 0.011160 0.038065
0 0.625787 0.379877 0.014570 0.089882
0 0.880451 0.334509 0.012870 0.047710
0 0.959085 0.309078 0.010505 0.049190
0 0.517030 0.372403 0.016568 0.083235
0 0.486689 0.375549 0.015117 0.063261
0 0.624087 0.392121 0.014659 0.066456
