0 0.322980 0.621758 0.022445 0.091913
0 0.404525 0.600316 0.022652 0.086779
0 0.457519 0.576999 0.018870 0.092940
0 0.654941 0.711994 0.021862 0.072445
0 0.541073 0.766085 0.024690 0.099235
0 0.627818 0.729726 0.029438 0.082797
0 0.442831 0.758098 0.016319 0.075394
0 0.573467 0.737530 0.021455 0.088848
0 0.426906 0.766585 0.021074 0.077116
0 0.518518 0.648887 0.022852 0.086983
0 0.310667 0.386714 0.021245 0.067770
0 0.408945 0.773131 0.027025 0.090710
0 0.172025 0.759755 0.028617 0.077950
0 0.165921 0.632509 0.029243 0.073728
0 0.443709 0.286367 0.017998 0.038975
0 0.312565 0.378781 0.018038 0.051142
0 0.369480 0.289381 0.017135 0.039006
0 0.256423 0.517438 0.017038 0.048855
0 0.487479 0.257049 0.014655 0.033173
0 0.524448 0.272338 0.020927 0.033874
0 0.165521 0.620990 0.027318 0.052372
0 0.770829 0.866872 0.042341 0.080687
0 0.771357 0.857113 0.035854 0.062218
0 0.523486 0.279435 0.019044 0.049248
0 0.480207 0.768535 0.035011 0.067132
0 0.379111 0.238390 0.012630 0.040208
0 0.485577 0.253388 0.015354 0.038553
