0 0.814507 0.537680 0.037978 0.117418
0 0.391929 0.669490 0.033192 0.147060
0 0.834430 0.795164 0.054921 0.153616
0 0.435191 0.441557 0.021171 0.107462
0 0.625463 0.281227 0.015382 0.059485
0 0.943584 0.410270 0.021819 0.069439
0 0.452613 0.392789 0.022131 0.085060
0 0.764140 0.264258 0.025831 0.054280
0 0.704890 0.449682 0.052562 0.127247
0 0.636061 0.199257 0.014755 0.035362
0 0.325406 0.222553 0.022719 0.085775
0 0.856625 0.316308 0.033775 0.061295
0 0.394830 0.137655 0.006226 0.024074
0 0.948123 0.761257 0.050168 0.124357
0 0.582340 0.438627 0.025160 0.068194
0 0.694462 0.407194 0.014253 0.040383
0 0.165959 0.275568 0.013901 0.045218
0 0.984308 0.454902 0.017296 0.026980
0 0.327493 0.240615 0.014810 0.043288
0 0.020422 0.756380 0.040270 0.091580
0 0.428891 0.125429 0.009450 0.030397
0 0.984668 0.966347 0.030202 0.064842
0 0.321538 0.200826 0.015080 0.043094
0 0.817135 0.811340 0.020334 0.119798
0 0.325743 0.229931 0.019417 0.066534
0 0.457855 0.933404 0.041750 0.133193
0 0.450595 0.908827 0.027241 0.081402
0 0.688987 0.494849 0.075139 0.150492
