0 0.133269 0.660661 0.054922 0.146484
0 0.438642 0.372411 0.028233 0.112897
0 0.531761 0.374430 0.032189 0.100364
0 0.344385 0.475347 0.036752 0.125319
0 0.911830 0.470132 0.026921 0.063171
0 0.098084 0.532570 0.040156 0.094744
0 0.248857 0.579135 0.034728 0.144404
0 0.139556 0.442615 0.023137 0.098594
0 0.773148 0.302701 0.019418 0.053494
0 0.182895 0.465659 0.029640 0.131005
0 0.266446 0.363028 0.018233 0.087039
0 0.177740 0.329907 0.018610 0.078727
0 0.968374 0.513010 0.013056 0.049069
0 0.856610 0.297504 0.016895 0.038976
0 0.580690 0.346264 0.032775 0.081539
0 0.116816 0.362121 0.015505 0.073184
0 0.177810 0.468454 0.028830 0.129851
0 0.586562 0.346495 0.030905 0.080549
0 0.969082 0.529074 0.052422 0.076041
0 0.337892 0.474794 0.026824 0.121795
0 0.958721 0.534791 0.031404 0.051508
0 0.965580 0.523768 0.040450 0.068150
