0 0.395118 0.829688 0.053474 0.154346
0 0.477887 0.784655 0.037810 0.183467
0 0.541329 0.855369 0.036683 0.130467
0 0.577434 0.931019 0.048571 0.134600
0 0.167173 0.549060 0.033498 0.121855
0 0.517638 0.767778 0.033816 0.157374
0 0.674081 0.883631 0.044504 0.142112
0 0.551079 0.742156 0.034509 0.107232
0 0.440992 0.731186 0.028043 0.147032
0 0.700445 0.911350 0.056744 0.173166
0 0.644006 0.845808 0.036129 0.141504
0 0.362789 0.619375 0.029275 0.154540
0 0.252780 0.633121 0.038277 0.120993
0 0.463837 0.701566 0.029019 0.148496
0 0.077196 0.502506 0.041925 0.120828
0 0.315256 0.059372 0.017762 0.072130
0 0.534513 0.967608 0.044399 0.061421
0 0.586026 0.775133 0.044356 0.119641
0 0.215024 0.515207 0.027128 0.089097
0 0.328247 0.617585 0.032796 0.149148
0 0.415378 0.649644 0.029967 0.145576
0 0.358314 0.611681 0.019956 0.154331
