0 0.169328 0.762914 0.064889 0.132374
0 0.524817 0.544475 0.026026 0.124702
0 0.396354 0.697054 0.061189 0.124280
0 0.419344 0.463168 0.019177 0.103248
0 0.665446 0.494069 0.019775 0.091584
0 0.910296 0.446306 0.023139 0.081512
0 0.441609 0.551266 0.033090 0.119816
0 0.592849 0.404148 0.014426 0.072517
0 0.694670 0.440370 0.014141 0.055357
0 0.357408 0.392380 0.012876 0.048048
0 0.322986 0.378334 0.013066 0.069375
0 0.553098 0.509734 0.024251 0.108245
0 0.185360 0.377796 0.011993 0.052842
0 0.475261 0.460437 0.018159 0.088893
0 0.138996 0.296643 0.017929 0.058198
0 0.403912 0.502125 0.017527 0.074969
0 0.335967 0.375307 0.015281 0.072210
0 0.448437 0.462911 0.020250 0.080206
0 0.644643 0.431326 0.016811 0.076982
0 0.970735 0.377737 0.020243 0.069941
0 0.898090 0.366017 0.013189 0.062663
0 0.493155 0.466034 0.019599 0.085549
0 0.004501 0.311107 0.008937 0.045478
0 0.509492 0.479110 0.019631 0.081671
0 0.928954 0.379475 0.013394 0.056885
0 0.316143 0.488947 0.018085 0.045721
0 0.187771 0.377739 0.017337 0.053736
0 0.133075 0.297803 0.013542 0.058393
0 0.334632 0.499050 0.014955 0.028049
