0 0.369873 0.622738 0.032785 0.063816
0 0.673341 0.595514 0.016189 0.045101
0 0.542805 0.672014 0.011064 0.035411
0 0.655839 0.598622 0.015442 0.050555
0 0.584262 0.819516 0.016626 0.059423
0 0.517198 0.683681 0.014398 0.052411
0 0.455975 0.610834 0.012306 0.037322
0 0.868100 0.724573 0.022936 0.052740
0 0.364451 0.621742 0.022699 0.062751
0 0.482203 0.772721 0.020097 0.045525
0 0.394005 0.549340 0.015785 0.041122
0 0.611208 0.582241 0.020389 0.069771
0 0.455153 0.663907 0.014921 0.041271
0 0.606644 0.584159 0.014479 0.068313
0 0.715552 0.377312 0.014923 0.043768
0 0.915306 0.596485 0.026035 0.046748
0 0.612974 0.575628 0.019670 0.058228
0 0.496849 0.794520 0.019754 0.061190
0 0.498778 0.788394 0.022830 0.070936
0 0.378977 0.565319 0.017414 0.041654
