0 0.192132 0.802053 0.052605 0.167955
0 0.556619 0.565130 0.035281 0.140578
0 0.663469 0.573872 0.021811 0.125195
0 0.424360 0.566071 0.031496 0.140624
0 0.980410 0.408842 0.019086 0.062250
0 0.496520 0.545736 0.026605 0.141958
0 0.179278 0.410569 0.011705 0.060359
0 0.373672 0.506688 0.023426 0.118696
0 0.657332 0.466417 0.017436 0.087367
0 0.355288 0.502489 0.020418 0.104179
0 0.918798 0.396750 0.021030 0.092596
0 0.305186 0.406723 0.016733 0.081782
0 0.771408 0.464382 0.021273 0.090555
0 0.467818 0.511477 0.029072 0.117128
0 0.822680 0.416993 0.018096 0.075477
0 0.329584 0.422307 0.013153 0.061005
0 0.714568 0.459745 0.020391 0.090221
0 0.624728 0.446538 0.019842 0.091897
0 0.497934 0.413768 0.015271 0.080244
0 0.804309 0.396535 0.018270 0.081676
0 0.550081 0.460249 0.020934 0.086215
0 0.725704 0.487001 0.015220 0.065752
0 0.289928 0.410899 0.013915 0.079557
0 0.410517 0.547847 0.011565 0.072839
0 0.455070 0.504557 0.012518 0.106010
0 0.485032 0.398160 0.012121 0.074615
0 0.528578 0.396697 0.015440 0.084155
0 0.579836 0.446035 0.018133 0.083073
