0 0.165689 0.774347 0.048832 0.139102
0 0.554827 0.520263 0.022761 0.113133
0 0.669122 0.501368 0.020529 0.096449
0 0.406155 0.700625 0.039724 0.128906
0 0.434269 0.557617 0.028738 0.128442
0 0.186315 0.382184 0.018088 0.054430
0 0.926799 0.449941 0.030312 0.086219
0 0.519186 0.537995 0.028913 0.125161
0 0.417693 0.461785 0.020900 0.104772
0 0.413863 0.563305 0.033053 0.119922
0 0.333261 0.378592 0.015045 0.070308
0 0.445737 0.470006 0.017784 0.086217
0 0.355723 0.395867 0.013585 0.052204
0 0.978296 0.379852 0.021646 0.069940
0 0.595805 0.407298 0.016755 0.074293
0 0.493967 0.474256 0.021582 0.090232
0 0.319841 0.379308 0.014223 0.072491
0 0.648465 0.436969 0.016889 0.079780
0 0.697691 0.445786 0.014295 0.057728
0 0.964072 0.375632 0.015503 0.070520
0 0.474263 0.468033 0.015372 0.086095
0 0.317934 0.485692 0.020255 0.056941
0 0.879105 0.372997 0.016607 0.079315
0 0.669635 0.422846 0.014455 0.072300
0 0.519077 0.405317 0.014535 0.089817
0 0.141680 0.292702 0.015486 0.061374
0 0.961578 0.376410 0.018277 0.065508
0 0.127828 0.297568 0.011065 0.060029
0 0.934767 0.383554 0.014996 0.057741
0 0.897990 0.370357 0.014958 0.065076
