0 0.093186 0.681798 0.184043 0.212515
0 0.717297 0.434497 0.237751 0.176466
0 0.250501 0.592139 0.119924 0.157192
0 0.904371 0.520873 0.161306 0.160178
0 0.581503 0.547772 0.135254 0.166741
0 0.691623 0.650458 0.365636 0.205404
0 0.482186 0.360977 0.164081 0.158576
0 0.928170 0.518699 0.113547 0.155956
0 0.361181 0.686301 0.319500 0.214552
0 0.803787 0.641347 0.136847 0.185345
0 0.449717 0.677996 0.139890 0.199656
0 0.374662 0.468280 0.147723 0.179197
0 0.752042 0.432445 0.168636 0.173485
0 0.372747 0.445511 0.086983 0.133481
