0 0.648572 0.763043 0.031249 0.189149
0 0.477164 0.846817 0.056904 0.189295
0 0.854479 0.261630 0.063446 0.205032
0 0.783164 0.443495 0.041800 0.146329
0 0.526660 0.574656 0.031605 0.169358
0 0.403754 0.617271 0.031699 0.149696
0 0.686781 0.526660 0.028732 0.177867
0 0.623367 0.530434 0.027714 0.140306
0 0.571170 0.653237 0.034939 0.159757
0 0.417358 0.528405 0.062467 0.260196
0 0.353189 0.376791 0.025670 0.084855
0 0.954447 0.927180 0.068970 0.145640
0 0.951044 0.877096 0.075469 0.245698
0 0.186625 0.371308 0.045512 0.136232
0 0.566496 0.235061 0.037527 0.123411
0 0.947510 0.838544 0.066667 0.174496
